8;80;100;9;-1;-1;-1,0
2;80;100;9;-1;-1;-1,0
8;80;100;1;-1;-1;-1,0
8;80;100;6;-1;-1;-1,0
8;80;100;0;-1;-1;-1,0
8;80;100;1;-1;-1;-1,0
8;80;100;4;-1;-1;-1,0
8;80;100;5;-1;-1;-1,0
8;80;100;3;-1;-1;-1,0
8;80;100;2;-1;-1;-1,0
2;80;100;0;-1;-1;-1,0
8;80;100;3;-1;-1;-1,0
8;80;100;7;-1;-1;-1,0
2;80;100;0;-1;-1;-1,0
2;80;100;4;-1;-1;-1,0
8;80;100;9;-1;-1;-1,0
8;80;100;7;-1;-1;-1,0
8;80;100;9;-1;-1;-1,0
8;80;100;1;-1;-1;-1,0
2;80;100;9;-1;-1;-1,0
2;80;100;6;-1;-1;-1,0
8;80;100;4;-1;-1;-1,0
1;80;100;7;-1;-1;-1,0
8;80;100;4;-1;-1;-1,0
1;80;100;0;-1;-1;-1,0
8;80;100;6;-1;-1;-1,0
8;80;100;5;-1;-1;-1,0
8;80;100;2;-1;-1;-1,0
8;80;100;6;-1;-1;-1,0
2;80;100;1;-1;-1;-1,0
8;80;100;8;-1;-1;-1,0
1;80;100;2;-1;-1;-1,0
8;80;100;6;-1;-1;-1,0
8;80;100;8;-1;-1;-1,0
1;80;100;3;-1;-1;-1,0
8;80;100;7;-1;-1;-1,0
8;80;100;3;-1;-1;-1,0
8;80;100;0;-1;-1;-1,0
8;80;100;8;-1;-1;-1,0
8;80;100;5;-1;-1;-1,0
8;80;100;0;-1;-1;-1,0
8;80;100;2;-1;-1;-1,0
8;80;100;2;-1;-1;-1,0
2;80;100;5;-1;-1;-1,0
8;80;100;9;-1;-1;-1,0
2;80;100;3;-1;-1;-1,0
8;80;100;7;-1;-1;-1,0
8;80;100;2;-1;-1;-1,0
8;80;100;7;-1;-1;-1,0
8;80;100;9;-1;-1;-1,0
8;80;100;8;-1;-1;-1,0
8;80;100;3;-1;-1;-1,0
8;80;100;1;-1;-1;-1,0
1;80;100;0;-1;-1;-1,0
1;80;100;9;-1;-1;-1,0
8;80;100;8;-1;-1;-1,0
8;80;100;3;-1;-1;-1,0
8;80;100;7;-1;-1;-1,0
8;80;100;6;-1;-1;-1,0
8;80;100;6;-1;-1;-1,0
2;80;100;1;-1;-1;-1,0
8;80;100;2;-1;-1;-1,0
2;80;100;7;-1;-1;-1,0
2;80;100;9;-1;-1;-1,0
8;80;100;6;-1;-1;-1,0
1;80;100;4;-1;-1;-1,0
8;80;100;4;-1;-1;-1,0
8;80;100;5;-1;-1;-1,0
2;80;100;5;-1;-1;-1,0
8;80;100;8;-1;-1;-1,0
2;80;100;7;-1;-1;-1,0
1;80;100;1;-1;-1;-1,0
1;80;100;5;-1;-1;-1,0
2;80;100;3;-1;-1;-1,0
1;80;100;8;-1;-1;-1,0
8;80;100;1;-1;-1;-1,0
8;80;100;9;-1;-1;-1,0
8;80;100;3;-1;-1;-1,0
8;80;100;4;-1;-1;-1,0
8;80;100;0;-1;-1;-1,0
8;80;100;5;-1;-1;-1,0
8;80;100;1;-1;-1;-1,0
8;80;100;4;-1;-1;-1,0
2;80;100;9;-1;-1;-1,0
8;80;100;9;-1;-1;-1,0
8;80;100;7;-1;-1;-1,0
8;80;100;0;-1;-1;-1,0
8;80;100;5;-1;-1;-1,0
8;80;100;4;-1;-1;-1,0
8;80;100;0;-1;-1;-1,0
8;80;100;1;-1;-1;-1,0
8;80;100;3;-1;-1;-1,0
8;80;100;6;-1;-1;-1,0
8;80;100;5;-1;-1;-1,0
8;80;100;7;-1;-1;-1,0
8;80;100;9;-1;-1;-1,0
1;80;100;7;-1;-1;-1,0
8;80;100;4;-1;-1;-1,0
2;80;100;6;-1;-1;-1,0
8;80;100;1;-1;-1;-1,0
2;80;100;0;-1;-1;-1,0
2;80;100;0;-1;-1;-1,0
8;80;100;3;-1;-1;-1,0
2;80;100;4;-1;-1;-1,0
8;80;100;9;-1;-1;-1,0
8;80;100;7;-1;-1;-1,0
8;80;100;8;-1;-1;-1,0
8;80;100;4;-1;-1;-1,0
2;80;100;4;-1;-1;-1,0
8;80;100;1;-1;-1;-1,0
1;80;100;6;-1;-1;-1,0
2;80;100;6;-1;-1;-1,0
8;80;100;4;-1;-1;-1,0
2;80;100;2;-1;-1;-1,0
8;80;100;0;-1;-1;-1,0
8;80;100;8;-1;-1;-1,0
8;80;100;5;-1;-1;-1,0
8;80;100;5;-1;-1;-1,0
8;80;100;9;-1;-1;-1,0
8;80;100;1;-1;-1;-1,0
8;80;100;6;-1;-1;-1,0
8;80;100;2;-1;-1;-1,0
8;80;100;9;-1;-1;-1,0
8;80;100;3;-1;-1;-1,0
8;80;100;1;-1;-1;-1,0
2;80;100;2;-1;-1;-1,0
8;80;100;3;-1;-1;-1,0
8;80;100;6;-1;-1;-1,0
8;80;100;4;-1;-1;-1,0
8;80;100;0;-1;-1;-1,0
2;80;100;8;-1;-1;-1,0
2;80;100;8;-1;-1;-1,0
8;80;100;0;-1;-1;-1,0
8;80;100;7;-1;-1;-1,0
8;80;100;2;-1;-1;-1,0
8;80;100;2;-1;-1;-1,0
8;80;100;1;-1;-1;-1,0
8;80;100;9;-1;-1;-1,0
8;80;100;3;-1;-1;-1,0
8;80;100;8;-1;-1;-1,0
8;80;100;3;-1;-1;-1,0
2;80;100;6;-1;-1;-1,0
8;80;100;5;-1;-1;-1,0
8;80;100;7;-1;-1;-1,0
8;80;100;0;-1;-1;-1,0
2;80;100;8;-1;-1;-1,0
2;80;100;8;-1;-1;-1,0
8;80;100;0;-1;-1;-1,0
2;80;100;6;-1;-1;-1,0
1;80;100;6;-1;-1;-1,0
8;80;100;1;-1;-1;-1,0
2;80;100;4;-1;-1;-1,0
8;80;100;3;-1;-1;-1,0
2;80;100;4;-1;-1;-1,0
8;80;100;9;-1;-1;-1,0
8;80;100;7;-1;-1;-1,0
8;80;100;8;-1;-1;-1,0
8;80;100;4;-1;-1;-1,0
8;80;100;3;-1;-1;-1,0
1;80;100;3;-1;-1;-1,0
8;80;100;7;-1;-1;-1,0
8;80;100;2;-1;-1;-1,0
8;80;100;6;-1;-1;-1,0
2;80;100;1;-1;-1;-1,0
8;80;100;8;-1;-1;-1,0
8;80;100;2;-1;-1;-1,0
2;80;100;5;-1;-1;-1,0
8;80;100;9;-1;-1;-1,0
2;80;100;3;-1;-1;-1,0
8;80;100;7;-1;-1;-1,0
8;80;100;2;-1;-1;-1,0
8;80;100;2;-1;-1;-1,0
2;80;100;7;-1;-1;-1,0
2;80;100;9;-1;-1;-1,0
8;80;100;6;-1;-1;-1,0
1;80;100;4;-1;-1;-1,0
8;80;100;4;-1;-1;-1,0
2;80;100;5;-1;-1;-1,0
2;80;100;3;-1;-1;-1,0
1;80;100;1;-1;-1;-1,0
2;80;100;7;-1;-1;-1,0
1;80;100;5;-1;-1;-1,0
8;80;100;7;-1;-1;-1,0
8;80;100;8;-1;-1;-1,0
8;80;100;4;-1;-1;-1,0
8;80;100;0;-1;-1;-1,0
2;80;100;9;-1;-1;-1,0
8;80;100;1;-1;-1;-1,0
8;80;100;7;-1;-1;-1,0
8;80;100;9;-1;-1;-1,0
8;80;100;0;-1;-1;-1,0
8;80;100;5;-1;-1;-1,0
8;80;100;4;-1;-1;-1,0
8;80;100;1;-1;-1;-1,0
8;80;100;3;-1;-1;-1,0
8;80;100;5;-1;-1;-1,0
8;80;100;1;-1;-1;-1,0
8;80;100;7;-1;-1;-1,0
8;80;100;3;-1;-1;-1,0
8;80;100;4;-1;-1;-1,0
8;80;100;0;-1;-1;-1,0
8;80;100;7;-1;-1;-1,0
2;80;100;3;-1;-1;-1,0
2;80;100;5;-1;-1;-1,0
1;80;100;1;-1;-1;-1,0
1;80;100;5;-1;-1;-1,0
2;80;100;9;-1;-1;-1,0
2;80;100;3;-1;-1;-1,0
2;80;100;7;-1;-1;-1,0
8;80;100;8;-1;-1;-1,0
8;80;100;4;-1;-1;-1,0
8;80;100;0;-1;-1;-1,0
8;80;100;4;-1;-1;-1,0
1;80;100;3;-1;-1;-1,0
8;80;100;8;-1;-1;-1,0
8;80;100;2;-1;-1;-1,0
2;80;100;1;-1;-1;-1,0
8;80;100;9;-1;-1;-1,0
2;80;100;5;-1;-1;-1,0
8;80;100;8;-1;-1;-1,0
8;80;100;7;-1;-1;-1,0
8;80;100;4;-1;-1;-1,0
8;80;100;2;-1;-1;-1,0
8;80;100;6;-1;-1;-1,0
8;80;100;7;-1;-1;-1,0
8;80;100;3;-1;-1;-1,0
2;80;100;4;-1;-1;-1,0
8;80;100;3;-1;-1;-1,0
8;80;100;1;-1;-1;-1,0
2;80;100;4;-1;-1;-1,0
8;80;100;9;-1;-1;-1,0
2;80;100;6;-1;-1;-1,0
1;80;100;6;-1;-1;-1,0
2;80;100;4;-1;-1;-1,0
8;80;100;3;-1;-1;-1,0
8;80;100;5;-1;-1;-1,0
8;80;100;7;-1;-1;-1,0
2;80;100;6;-1;-1;-1,0
8;80;100;0;-1;-1;-1,0
2;80;100;8;-1;-1;-1,0
2;80;100;8;-1;-1;-1,0
8;80;100;0;-1;-1;-1,0
8;80;100;5;-1;-1;-1,0
8;80;100;8;-1;-1;-1,0
8;80;100;1;-1;-1;-1,0
8;80;100;4;-1;-1;-1,0
8;80;100;8;-1;-1;-1,0
1;80;100;8;-1;-1;-1,0
8;80;100;6;-1;-1;-1,0
8;80;100;6;-1;-1;-1,0
8;80;100;1;-1;-1;-1,0
8;80;100;3;-1;-1;-1,0
8;80;100;5;-1;-1;-1,0
8;80;100;9;-1;-1;-1,0
2;80;100;1;-1;-1;-1,0
1;80;100;0;-1;-1;-1,0
8;80;100;7;-1;-1;-1,0
8;80;100;3;-1;-1;-1,0
8;80;100;8;-1;-1;-1,0
1;80;100;9;-1;-1;-1,0
8;80;100;2;-1;-1;-1,0
8;80;100;5;-1;-1;-1,0
8;80;100;0;-1;-1;-1,0
2;80;100;2;-1;-1;-1,0
8;80;100;0;-1;-1;-1,0
8;80;100;9;-1;-1;-1,0
8;80;100;4;-1;-1;-1,0
8;80;100;8;-1;-1;-1,0
8;80;100;0;-1;-1;-1,0
8;80;100;5;-1;-1;-1,0
8;80;100;5;-1;-1;-1,0
8;80;100;9;-1;-1;-1,0
8;80;100;1;-1;-1;-1,0
1;80;100;2;-1;-1;-1,0
8;80;100;2;-1;-1;-1,0
8;80;100;6;-1;-1;-1,0
8;80;100;6;-1;-1;-1,0
8;80;100;3;-1;-1;-1,0
1;80;100;7;-1;-1;-1,0
8;80;100;9;-1;-1;-1,0
8;80;100;8;-1;-1;-1,0
8;80;100;0;-1;-1;-1,0
2;80;100;2;-1;-1;-1,0
8;80;100;1;-1;-1;-1,0
8;80;100;3;-1;-1;-1,0
8;80;100;6;-1;-1;-1,0
8;80;100;2;-1;-1;-1,0
8;80;100;2;-1;-1;-1,0
8;80;100;5;-1;-1;-1,0
8;80;100;1;-1;-1;-1,0
8;80;100;4;-1;-1;-1,0
8;80;100;4;-1;-1;-1,0
8;80;100;7;-1;-1;-1,0
8;80;100;6;-1;-1;-1,0
8;80;100;1;-1;-1;-1,0
8;80;100;5;-1;-1;-1,0
2;80;100;0;-1;-1;-1,0
2;80;100;0;-1;-1;-1,0
8;80;100;9;-1;-1;-1,0
8;80;100;7;-1;-1;-1,0
2;80;100;0;-1;-1;-1,0
8;80;100;5;-1;-1;-1,0
8;80;100;4;-1;-1;-1,0
8;80;100;1;-1;-1;-1,0
8;80;100;4;-1;-1;-1,0
2;80;100;0;-1;-1;-1,0
8;80;100;5;-1;-1;-1,0
8;80;100;6;-1;-1;-1,0
8;80;100;1;-1;-1;-1,0
8;80;100;9;-1;-1;-1,0
8;80;100;3;-1;-1;-1,0
8;80;100;2;-1;-1;-1,0
8;80;100;6;-1;-1;-1,0
8;80;100;2;-1;-1;-1,0
8;80;100;4;-1;-1;-1,0
8;80;100;9;-1;-1;-1,0
8;80;100;3;-1;-1;-1,0
8;80;100;8;-1;-1;-1,0
8;80;100;9;-1;-1;-1,0
8;80;100;0;-1;-1;-1,0
8;80;100;5;-1;-1;-1,0
8;80;100;1;-1;-1;-1,0
8;80;100;2;-1;-1;-1,0
8;80;100;6;-1;-1;-1,0
1;80;100;7;-1;-1;-1,0
8;80;100;0;-1;-1;-1,0
8;80;100;9;-1;-1;-1,0
8;80;100;5;-1;-1;-1,0
1;80;100;2;-1;-1;-1,0
8;80;100;6;-1;-1;-1,0
8;80;100;8;-1;-1;-1,0
2;80;100;2;-1;-1;-1,0
8;80;100;0;-1;-1;-1,0
1;80;100;0;-1;-1;-1,0
1;80;100;9;-1;-1;-1,0
8;80;100;0;-1;-1;-1,0
8;80;100;8;-1;-1;-1,0
8;80;100;3;-1;-1;-1,0
8;80;100;7;-1;-1;-1,0
8;80;100;5;-1;-1;-1,0
8;80;100;3;-1;-1;-1,0
8;80;100;2;-1;-1;-1,0
8;80;100;9;-1;-1;-1,0
2;80;100;2;-1;-1;-1,0
8;80;100;4;-1;-1;-1,0
8;80;100;1;-1;-1;-1,0
2;80;100;1;-1;-1;-1,0
8;80;100;5;-1;-1;-1,0
8;80;100;6;-1;-1;-1,0
8;80;100;8;-1;-1;-1,0
1;80;100;8;-1;-1;-1,0
8;80;100;6;-1;-1;-1,0
8;80;100;1;-1;-1;-1,0
8;80;100;0;-1;-1;-1,0
8;80;100;0;-1;-1;-1,0
8;80;100;7;-1;-1;-1,0
2;80;100;8;-1;-1;-1,0
2;80;100;8;-1;-1;-1,0
2;80;100;6;-1;-1;-1,0
8;80;100;5;-1;-1;-1,0
8;80;100;3;-1;-1;-1,0
8;80;100;8;-1;-1;-1,0
1;80;100;6;-1;-1;-1,0
2;80;100;6;-1;-1;-1,0
2;80;100;1;-1;-1;-1,0
2;80;100;4;-1;-1;-1,0
8;80;100;3;-1;-1;-1,0
8;80;100;9;-1;-1;-1,0
8;80;100;8;-1;-1;-1,0
8;80;100;2;-1;-1;-1,0
8;80;100;6;-1;-1;-1,0
8;80;100;4;-1;-1;-1,0
2;80;100;4;-1;-1;-1,0
8;80;100;1;-1;-1;-1,0
8;80;100;9;-1;-1;-1,0
2;80;100;5;-1;-1;-1,0
8;80;100;7;-1;-1;-1,0
8;80;100;3;-1;-1;-1,0
8;80;100;7;-1;-1;-1,0
2;80;100;7;-1;-1;-1,0
8;80;100;8;-1;-1;-1,0
2;80;100;3;-1;-1;-1,0
8;80;100;0;-1;-1;-1,0
8;80;100;4;-1;-1;-1,0
2;80;100;9;-1;-1;-1,0
8;80;100;4;-1;-1;-1,0
8;80;100;8;-1;-1;-1,0
8;80;100;2;-1;-1;-1,0
1;80;100;3;-1;-1;-1,0
8;80;100;0;-1;-1;-1,0
8;80;100;4;-1;-1;-1,0
2;80;100;3;-1;-1;-1,0
1;80;100;5;-1;-1;-1,0
2;80;100;5;-1;-1;-1,0
8;80;100;9;-1;-1;-1,0
1;80;100;1;-1;-1;-1,0
1;80;100;4;-1;-1;-1,0
8;80;100;6;-1;-1;-1,0
8;80;100;1;-1;-1;-1,0
2;80;100;9;-1;-1;-1,0
8;80;100;5;-1;-1;-1,0
8;80;100;7;-1;-1;-1,0
8;80;100;3;-1;-1;-1,0
8;80;100;1;-1;-1;-1,0
8;80;100;7;-1;-1;-1,0
8;80;100;2;-1;-1;-1,0
8;80;100;2;-1;-1;-1,0
2;80;100;7;-1;-1;-1,0
8;80;100;7;-1;-1;-1,0
8;80;100;1;-1;-1;-1,0
8;80;100;7;-1;-1;-1,0
8;80;100;2;-1;-1;-1,0
2;80;100;7;-1;-1;-1,0
8;80;100;2;-1;-1;-1,0
8;80;100;7;-1;-1;-1,0
8;80;100;3;-1;-1;-1,0
8;80;100;5;-1;-1;-1,0
8;80;100;9;-1;-1;-1,0
1;80;100;5;-1;-1;-1,0
8;80;100;6;-1;-1;-1,0
8;80;100;1;-1;-1;-1,0
2;80;100;5;-1;-1;-1,0
2;80;100;9;-1;-1;-1,0
1;80;100;1;-1;-1;-1,0
1;80;100;4;-1;-1;-1,0
8;80;100;4;-1;-1;-1,0
8;80;100;0;-1;-1;-1,0
2;80;100;3;-1;-1;-1,0
1;80;100;3;-1;-1;-1,0
8;80;100;4;-1;-1;-1,0
8;80;100;2;-1;-1;-1,0
8;80;100;8;-1;-1;-1,0
8;80;100;2;-1;-1;-1,0
8;80;100;8;-1;-1;-1,0
8;80;100;6;-1;-1;-1,0
8;80;100;9;-1;-1;-1,0
8;80;100;3;-1;-1;-1,0
8;80;100;4;-1;-1;-1,0
8;80;100;9;-1;-1;-1,0
2;80;100;4;-1;-1;-1,0
8;80;100;7;-1;-1;-1,0
8;80;100;7;-1;-1;-1,0
8;80;100;8;-1;-1;-1,0
2;80;100;5;-1;-1;-1,0
2;80;100;9;-1;-1;-1,0
8;80;100;1;-1;-1;-1,0
8;80;100;4;-1;-1;-1,0
8;80;100;3;-1;-1;-1,0
8;80;100;7;-1;-1;-1,0
8;80;100;0;-1;-1;-1,0
8;80;100;7;-1;-1;-1,0
2;80;100;6;-1;-1;-1,0
1;80;100;6;-1;-1;-1,0
2;80;100;8;-1;-1;-1,0
2;80;100;6;-1;-1;-1,0
2;80;100;7;-1;-1;-1,0
8;80;100;0;-1;-1;-1,0
2;80;100;8;-1;-1;-1,0
2;80;100;1;-1;-1;-1,0
8;80;100;0;-1;-1;-1,0
2;80;100;3;-1;-1;-1,0
8;80;100;8;-1;-1;-1,0
1;80;100;3;-1;-1;-1,0
8;80;100;5;-1;-1;-1,0
8;80;100;3;-1;-1;-1,0
2;80;100;4;-1;-1;-1,0
8;80;100;1;-1;-1;-1,0
8;80;100;5;-1;-1;-1,0
8;80;100;2;-1;-1;-1,0
8;80;100;9;-1;-1;-1,0
8;80;100;4;-1;-1;-1,0
8;80;100;1;-1;-1;-1,0
8;80;100;2;-1;-1;-1,0
2;80;100;1;-1;-1;-1,0
8;80;100;5;-1;-1;-1,0
8;80;100;6;-1;-1;-1,0
8;80;100;8;-1;-1;-1,0
1;80;100;8;-1;-1;-1,0
8;80;100;7;-1;-1;-1,0
2;80;100;2;-1;-1;-1,0
8;80;100;3;-1;-1;-1,0
8;80;100;6;-1;-1;-1,0
8;80;100;6;-1;-1;-1,0
8;80;100;2;-1;-1;-1,0
1;80;100;7;-1;-1;-1,0
8;80;100;6;-1;-1;-1,0
8;80;100;9;-1;-1;-1,0
8;80;100;5;-1;-1;-1,0
1;80;100;0;-1;-1;-1,0
8;80;100;0;-1;-1;-1,0
8;80;100;8;-1;-1;-1,0
1;80;100;9;-1;-1;-1,0
1;80;100;2;-1;-1;-1,0
2;80;100;2;-1;-1;-1,0
8;80;100;0;-1;-1;-1,0
8;80;100;0;-1;-1;-1,0
8;80;100;3;-1;-1;-1,0
8;80;100;9;-1;-1;-1,0
8;80;100;8;-1;-1;-1,0
8;80;100;8;-1;-1;-1,0
8;80;100;0;-1;-1;-1,0
8;80;100;6;-1;-1;-1,0
8;80;100;1;-1;-1;-1,0
8;80;100;2;-1;-1;-1,0
8;80;100;9;-1;-1;-1,0
8;80;100;4;-1;-1;-1,0
8;80;100;3;-1;-1;-1,0
8;80;100;5;-1;-1;-1,0
8;80;100;3;-1;-1;-1,0
8;80;100;0;-1;-1;-1,0
8;80;100;2;-1;-1;-1,0
8;80;100;1;-1;-1;-1,0
8;80;100;9;-1;-1;-1,0
8;80;100;6;-1;-1;-1,0
8;80;100;5;-1;-1;-1,0
8;80;100;4;-1;-1;-1,0
2;80;100;0;-1;-1;-1,0
8;80;100;5;-1;-1;-1,0
8;80;100;1;-1;-1;-1,0
8;80;100;4;-1;-1;-1,0
8;80;100;7;-1;-1;-1,0
2;80;100;0;-1;-1;-1,0
8;80;100;5;-1;-1;-1,0
8;80;100;7;-1;-1;-1,0
8;80;100;4;-1;-1;-1,0
2;80;100;0;-1;-1;-1,0
8;80;100;1;-1;-1;-1,0
8;80;100;5;-1;-1;-1,0
2;80;100;0;-1;-1;-1,0
8;80;100;4;-1;-1;-1,0
8;80;100;1;-1;-1;-1,0
8;80;100;9;-1;-1;-1,0
8;80;100;6;-1;-1;-1,0
8;80;100;9;-1;-1;-1,0
8;80;100;3;-1;-1;-1,0
8;80;100;4;-1;-1;-1,0
8;80;100;0;-1;-1;-1,0
8;80;100;8;-1;-1;-1,0
8;80;100;2;-1;-1;-1,0
8;80;100;1;-1;-1;-1,0
8;80;100;3;-1;-1;-1,0
8;80;100;4;-1;-1;-1,0
8;80;100;5;-1;-1;-1,0
8;80;100;2;-1;-1;-1,0
8;80;100;6;-1;-1;-1,0
8;80;100;8;-1;-1;-1,0
8;80;100;9;-1;-1;-1,0
8;80;100;6;-1;-1;-1,0
8;80;100;5;-1;-1;-1,0
8;80;100;8;-1;-1;-1,0
8;80;100;0;-1;-1;-1,0
1;80;100;2;-1;-1;-1,0
8;80;100;6;-1;-1;-1,0
1;80;100;7;-1;-1;-1,0
2;80;100;2;-1;-1;-1,0
8;80;100;0;-1;-1;-1,0
8;80;100;2;-1;-1;-1,0
1;80;100;0;-1;-1;-1,0
8;80;100;3;-1;-1;-1,0
8;80;100;6;-1;-1;-1,0
8;80;100;9;-1;-1;-1,0
8;80;100;0;-1;-1;-1,0
8;80;100;5;-1;-1;-1,0
8;80;100;6;-1;-1;-1,0
8;80;100;3;-1;-1;-1,0
8;80;100;2;-1;-1;-1,0
1;80;100;9;-1;-1;-1,0
8;80;100;1;-1;-1;-1,0
2;80;100;1;-1;-1;-1,0
8;80;100;8;-1;-1;-1,0
2;80;100;2;-1;-1;-1,0
1;80;100;8;-1;-1;-1,0
8;80;100;7;-1;-1;-1,0
8;80;100;8;-1;-1;-1,0
8;80;100;5;-1;-1;-1,0
8;80;100;9;-1;-1;-1,0
8;80;100;4;-1;-1;-1,0
8;80;100;8;-1;-1;-1,0
8;80;100;7;-1;-1;-1,0
8;80;100;1;-1;-1;-1,0
2;80;100;4;-1;-1;-1,0
2;80;100;9;-1;-1;-1,0
8;80;100;0;-1;-1;-1,0
2;80;100;6;-1;-1;-1,0
8;80;100;8;-1;-1;-1,0
1;80;100;3;-1;-1;-1,0
2;80;100;3;-1;-1;-1,0
8;80;100;7;-1;-1;-1,0
2;80;100;1;-1;-1;-1,0
2;80;100;7;-1;-1;-1,0
8;80;100;4;-1;-1;-1,0
8;80;100;0;-1;-1;-1,0
1;80;100;6;-1;-1;-1,0
8;80;100;3;-1;-1;-1,0
2;80;100;8;-1;-1;-1,0
8;80;100;0;-1;-1;-1,0
2;80;100;8;-1;-1;-1,0
2;80;100;6;-1;-1;-1,0
8;80;100;7;-1;-1;-1,0
8;80;100;1;-1;-1;-1,0
2;80;100;6;-1;-1;-1,0
8;80;100;5;-1;-1;-1,0
8;80;100;3;-1;-1;-1,0
8;80;100;7;-1;-1;-1,0
8;80;100;8;-1;-1;-1,0
8;80;100;2;-1;-1;-1,0
8;80;100;6;-1;-1;-1,0
8;80;100;3;-1;-1;-1,0
8;80;100;4;-1;-1;-1,0
8;80;100;8;-1;-1;-1,0
8;80;100;4;-1;-1;-1,0
8;80;100;2;-1;-1;-1,0
8;80;100;9;-1;-1;-1,0
8;80;100;8;-1;-1;-1,0
8;80;100;9;-1;-1;-1,0
2;80;100;5;-1;-1;-1,0
2;80;100;4;-1;-1;-1,0
1;80;100;1;-1;-1;-1,0
2;80;100;3;-1;-1;-1,0
1;80;100;4;-1;-1;-1,0
8;80;100;4;-1;-1;-1,0
8;80;100;0;-1;-1;-1,0
1;80;100;5;-1;-1;-1,0
8;80;100;6;-1;-1;-1,0
8;80;100;0;-1;-1;-1,0
8;80;100;1;-1;-1;-1,0
2;80;100;9;-1;-1;-1,0
2;80;100;5;-1;-1;-1,0
1;80;100;5;-1;-1;-1,0
8;80;100;9;-1;-1;-1,0
8;80;100;7;-1;-1;-1,0
8;80;100;3;-1;-1;-1,0
8;80;100;5;-1;-1;-1,0
2;80;100;7;-1;-1;-1,0
8;80;100;2;-1;-1;-1,0
8;80;100;7;-1;-1;-1,0
8;80;100;1;-1;-1;-1,0
8;80;100;2;-1;-1;-1,0
8;80;100;7;-1;-1;-1,0
8;80;100;2;-1;-1;-1,0
8;80;100;7;-1;-1;-1,0
8;80;100;3;-1;-1;-1,0
8;80;100;9;-1;-1;-1,0
8;80;100;5;-1;-1;-1,0
2;80;100;7;-1;-1;-1,0
2;80;100;9;-1;-1;-1,0
1;80;100;5;-1;-1;-1,0
2;80;100;5;-1;-1;-1,0
8;80;100;1;-1;-1;-1,0
8;80;100;6;-1;-1;-1,0
8;80;100;0;-1;-1;-1,0
2;80;100;5;-1;-1;-1,0
1;80;100;1;-1;-1;-1,0
8;80;100;4;-1;-1;-1,0
2;80;100;3;-1;-1;-1,0
1;80;100;4;-1;-1;-1,0
8;80;100;1;-1;-1;-1,0
8;80;100;8;-1;-1;-1,0
8;80;100;9;-1;-1;-1,0
8;80;100;5;-1;-1;-1,0
2;80;100;6;-1;-1;-1,0
8;80;100;3;-1;-1;-1,0
8;80;100;7;-1;-1;-1,0
8;80;100;1;-1;-1;-1,0
8;80;100;7;-1;-1;-1,0
8;80;100;8;-1;-1;-1,0
8;80;100;2;-1;-1;-1,0
8;80;100;4;-1;-1;-1,0
8;80;100;8;-1;-1;-1,0
8;80;100;6;-1;-1;-1,0
8;80;100;3;-1;-1;-1,0
2;80;100;5;-1;-1;-1,0
8;80;100;4;-1;-1;-1,0
8;80;100;2;-1;-1;-1,0
8;80;100;9;-1;-1;-1,0
2;80;100;4;-1;-1;-1,0
2;80;100;8;-1;-1;-1,0
8;80;100;0;-1;-1;-1,0
2;80;100;7;-1;-1;-1,0
8;80;100;0;-1;-1;-1,0
8;80;100;4;-1;-1;-1,0
2;80;100;8;-1;-1;-1,0
8;80;100;3;-1;-1;-1,0
1;80;100;6;-1;-1;-1,0
8;80;100;8;-1;-1;-1,0
2;80;100;3;-1;-1;-1,0
1;80;100;3;-1;-1;-1,0
8;80;100;7;-1;-1;-1,0
2;80;100;1;-1;-1;-1,0
2;80;100;9;-1;-1;-1,0
2;80;100;4;-1;-1;-1,0
2;80;100;6;-1;-1;-1,0
8;80;100;0;-1;-1;-1,0
8;80;100;1;-1;-1;-1,0
8;80;100;8;-1;-1;-1,0
8;80;100;7;-1;-1;-1,0
1;80;100;8;-1;-1;-1,0
8;80;100;4;-1;-1;-1,0
8;80;100;9;-1;-1;-1,0
8;80;100;8;-1;-1;-1,0
2;80;100;2;-1;-1;-1,0
8;80;100;5;-1;-1;-1,0
2;80;100;1;-1;-1;-1,0
8;80;100;2;-1;-1;-1,0
8;80;100;1;-1;-1;-1,0
1;80;100;9;-1;-1;-1,0
8;80;100;0;-1;-1;-1,0
8;80;100;3;-1;-1;-1,0
8;80;100;6;-1;-1;-1,0
1;80;100;0;-1;-1;-1,0
8;80;100;5;-1;-1;-1,0
8;80;100;0;-1;-1;-1,0
8;80;100;2;-1;-1;-1,0
8;80;100;5;-1;-1;-1,0
8;80;100;3;-1;-1;-1,0
8;80;100;9;-1;-1;-1,0
8;80;100;5;-1;-1;-1,0
8;80;100;3;-1;-1;-1,0
8;80;100;0;-1;-1;-1,0
1;80;100;2;-1;-1;-1,0
8;80;100;8;-1;-1;-1,0
8;80;100;6;-1;-1;-1,0
8;80;100;0;-1;-1;-1,0
8;80;100;3;-1;-1;-1,0
8;80;100;9;-1;-1;-1,0
8;80;100;8;-1;-1;-1,0
8;80;100;2;-1;-1;-1,0
8;80;100;1;-1;-1;-1,0
8;80;100;9;-1;-1;-1,0
8;80;100;4;-1;-1;-1,0
8;80;100;6;-1;-1;-1,0
8;80;100;6;-1;-1;-1,0
8;80;100;6;-1;-1;-1,0
8;80;100;2;-1;-1;-1,0
1;80;100;7;-1;-1;-1,0
8;80;100;4;-1;-1;-1,0
2;80;100;2;-1;-1;-1,0
8;80;100;6;-1;-1;-1,0
8;80;100;9;-1;-1;-1,0
8;80;100;1;-1;-1;-1,0
2;80;100;0;-1;-1;-1,0
8;80;100;1;-1;-1;-1,0
8;80;100;5;-1;-1;-1,0
8;80;100;5;-1;-1;-1,0
8;80;100;7;-1;-1;-1,0
8;80;100;4;-1;-1;-1,0
2;80;100;0;-1;-1;-1,0
8;80;100;9;-1;-1;-1,0
8;80;100;5;-1;-1;-1,0
2;80;100;0;-1;-1;-1,0
8;80;100;1;-1;-1;-1,0
8;80;100;1;-1;-1;-1,0
8;80;100;6;-1;-1;-1,0
8;80;100;4;-1;-1;-1,0
2;80;100;2;-1;-1;-1,0
1;80;100;7;-1;-1;-1,0
8;80;100;0;-1;-1;-1,0
8;80;100;2;-1;-1;-1,0
1;80;100;2;-1;-1;-1,0
8;80;100;9;-1;-1;-1,0
8;80;100;8;-1;-1;-1,0
8;80;100;3;-1;-1;-1,0
8;80;100;6;-1;-1;-1,0
8;80;100;9;-1;-1;-1,0
1;80;100;7;-1;-1;-1,0
2;80;100;2;-1;-1;-1,0
8;80;100;2;-1;-1;-1,0
8;80;100;6;-1;-1;-1,0
8;80;100;0;-1;-1;-1,0
8;80;100;8;-1;-1;-1,0
8;80;100;6;-1;-1;-1,0
8;80;100;6;-1;-1;-1,0
8;80;100;2;-1;-1;-1,0
8;80;100;1;-1;-1;-1,0
8;80;100;4;-1;-1;-1,0
8;80;100;5;-1;-1;-1,0
8;80;100;2;-1;-1;-1,0
8;80;100;0;-1;-1;-1,0
8;80;100;5;-1;-1;-1,0
8;80;100;9;-1;-1;-1,0
2;80;100;2;-1;-1;-1,0
8;80;100;6;-1;-1;-1,0
8;80;100;3;-1;-1;-1,0
8;80;100;3;-1;-1;-1,0
8;80;100;5;-1;-1;-1,0
8;80;100;3;-1;-1;-1,0
8;80;100;6;-1;-1;-1,0
8;80;100;0;-1;-1;-1,0
1;80;100;0;-1;-1;-1,0
1;80;100;9;-1;-1;-1,0
8;80;100;1;-1;-1;-1,0
2;80;100;1;-1;-1;-1,0
8;80;100;2;-1;-1;-1,0
8;80;100;5;-1;-1;-1,0
8;80;100;7;-1;-1;-1,0
8;80;100;8;-1;-1;-1,0
8;80;100;4;-1;-1;-1,0
2;80;100;2;-1;-1;-1,0
1;80;100;8;-1;-1;-1,0
8;80;100;9;-1;-1;-1,0
8;80;100;8;-1;-1;-1,0
8;80;100;1;-1;-1;-1,0
2;80;100;4;-1;-1;-1,0
2;80;100;1;-1;-1;-1,0
2;80;100;6;-1;-1;-1,0
8;80;100;0;-1;-1;-1,0
2;80;100;9;-1;-1;-1,0
8;80;100;3;-1;-1;-1,0
1;80;100;3;-1;-1;-1,0
8;80;100;4;-1;-1;-1,0
2;80;100;3;-1;-1;-1,0
8;80;100;0;-1;-1;-1,0
2;80;100;8;-1;-1;-1,0
8;80;100;0;-1;-1;-1,0
8;80;100;8;-1;-1;-1,0
8;80;100;7;-1;-1;-1,0
1;80;100;6;-1;-1;-1,0
2;80;100;7;-1;-1;-1,0
2;80;100;7;-1;-1;-1,0
8;80;100;2;-1;-1;-1,0
8;80;100;4;-1;-1;-1,0
8;80;100;9;-1;-1;-1,0
2;80;100;8;-1;-1;-1,0
2;80;100;4;-1;-1;-1,0
2;80;100;5;-1;-1;-1,0
8;80;100;8;-1;-1;-1,0
8;80;100;3;-1;-1;-1,0
8;80;100;6;-1;-1;-1,0
8;80;100;4;-1;-1;-1,0
8;80;100;7;-1;-1;-1,0
8;80;100;3;-1;-1;-1,0
8;80;100;9;-1;-1;-1,0
8;80;100;3;-1;-1;-1,0
8;80;100;5;-1;-1;-1,0
8;80;100;7;-1;-1;-1,0
8;80;100;1;-1;-1;-1,0
2;80;100;6;-1;-1;-1,0
8;80;100;8;-1;-1;-1,0
8;80;100;2;-1;-1;-1,0
8;80;100;8;-1;-1;-1,0
8;80;100;0;-1;-1;-1,0
8;80;100;1;-1;-1;-1,0
2;80;100;5;-1;-1;-1,0
1;80;100;4;-1;-1;-1,0
8;80;100;4;-1;-1;-1,0
1;80;100;1;-1;-1;-1,0
2;80;100;3;-1;-1;-1,0
8;80;100;7;-1;-1;-1,0
8;80;100;5;-1;-1;-1,0
8;80;100;3;-1;-1;-1,0
2;80;100;7;-1;-1;-1,0
2;80;100;9;-1;-1;-1,0
8;80;100;6;-1;-1;-1,0
8;80;100;9;-1;-1;-1,0
1;80;100;5;-1;-1;-1,0
8;80;100;7;-1;-1;-1,0
8;80;100;1;-1;-1;-1,0
8;80;100;7;-1;-1;-1,0
8;80;100;2;-1;-1;-1,0
8;80;100;2;-1;-1;-1,0
8;80;100;2;-1;-1;-1,0
8;80;100;7;-1;-1;-1,0
8;80;100;2;-1;-1;-1,0
8;80;100;7;-1;-1;-1,0
8;80;100;1;-1;-1;-1,0
1;80;100;5;-1;-1;-1,0
8;80;100;9;-1;-1;-1,0
8;80;100;7;-1;-1;-1,0
2;80;100;3;-1;-1;-1,0
8;80;100;5;-1;-1;-1,0
8;80;100;4;-1;-1;-1,0
1;80;100;1;-1;-1;-1,0
8;80;100;0;-1;-1;-1,0
8;80;100;1;-1;-1;-1,0
2;80;100;5;-1;-1;-1,0
2;80;100;9;-1;-1;-1,0
1;80;100;4;-1;-1;-1,0
8;80;100;3;-1;-1;-1,0
8;80;100;6;-1;-1;-1,0
2;80;100;7;-1;-1;-1,0
8;80;100;8;-1;-1;-1,0
2;80;100;6;-1;-1;-1,0
8;80;100;2;-1;-1;-1,0
8;80;100;8;-1;-1;-1,0
8;80;100;1;-1;-1;-1,0
8;80;100;5;-1;-1;-1,0
8;80;100;7;-1;-1;-1,0
8;80;100;3;-1;-1;-1,0
8;80;100;9;-1;-1;-1,0
8;80;100;7;-1;-1;-1,0
8;80;100;4;-1;-1;-1,0
8;80;100;3;-1;-1;-1,0
8;80;100;6;-1;-1;-1,0
8;80;100;8;-1;-1;-1,0
8;80;100;4;-1;-1;-1,0
8;80;100;9;-1;-1;-1,0
2;80;100;8;-1;-1;-1,0
2;80;100;4;-1;-1;-1,0
8;80;100;2;-1;-1;-1,0
2;80;100;5;-1;-1;-1,0
2;80;100;7;-1;-1;-1,0
8;80;100;7;-1;-1;-1,0
1;80;100;6;-1;-1;-1,0
2;80;100;8;-1;-1;-1,0
8;80;100;0;-1;-1;-1,0
8;80;100;8;-1;-1;-1,0
1;80;100;3;-1;-1;-1,0
8;80;100;3;-1;-1;-1,0
2;80;100;3;-1;-1;-1,0
8;80;100;0;-1;-1;-1,0
8;80;100;4;-1;-1;-1,0
2;80;100;1;-1;-1;-1,0
2;80;100;9;-1;-1;-1,0
2;80;100;4;-1;-1;-1,0
8;80;100;0;-1;-1;-1,0
2;80;100;6;-1;-1;-1,0
8;80;100;1;-1;-1;-1,0
8;80;100;8;-1;-1;-1,0
8;80;100;8;-1;-1;-1,0
8;80;100;7;-1;-1;-1,0
8;80;100;4;-1;-1;-1,0
8;80;100;5;-1;-1;-1,0
8;80;100;9;-1;-1;-1,0
8;80;100;2;-1;-1;-1,0
2;80;100;2;-1;-1;-1,0
1;80;100;8;-1;-1;-1,0
1;80;100;9;-1;-1;-1,0
1;80;100;0;-1;-1;-1,0
2;80;100;1;-1;-1;-1,0
8;80;100;1;-1;-1;-1,0
8;80;100;3;-1;-1;-1,0
8;80;100;6;-1;-1;-1,0
8;80;100;6;-1;-1;-1,0
2;80;100;2;-1;-1;-1,0
8;80;100;0;-1;-1;-1,0
8;80;100;3;-1;-1;-1,0
8;80;100;5;-1;-1;-1,0
8;80;100;9;-1;-1;-1,0
8;80;100;3;-1;-1;-1,0
8;80;100;5;-1;-1;-1,0
8;80;100;8;-1;-1;-1,0
8;80;100;6;-1;-1;-1,0
8;80;100;4;-1;-1;-1,0
8;80;100;0;-1;-1;-1,0
8;80;100;6;-1;-1;-1,0
8;80;100;2;-1;-1;-1,0
8;80;100;9;-1;-1;-1,0
8;80;100;0;-1;-1;-1,0
8;80;100;2;-1;-1;-1,0
8;80;100;1;-1;-1;-1,0
8;80;100;2;-1;-1;-1,0
1;80;100;7;-1;-1;-1,0
8;80;100;5;-1;-1;-1,0
8;80;100;4;-1;-1;-1,0
8;80;100;0;-1;-1;-1,0
8;80;100;9;-1;-1;-1,0
8;80;100;6;-1;-1;-1,0
8;80;100;8;-1;-1;-1,0
1;80;100;2;-1;-1;-1,0
8;80;100;3;-1;-1;-1,0
1;80;100;7;-1;-1;-1,0
2;80;100;0;-1;-1;-1,0
8;80;100;6;-1;-1;-1,0
8;80;100;5;-1;-1;-1,0
8;80;100;9;-1;-1;-1,0
8;80;100;7;-1;-1;-1,0
2;80;100;0;-1;-1;-1,0
8;80;100;1;-1;-1;-1,0
8;80;100;1;-1;-1;-1,0
8;80;100;4;-1;-1;-1,0
8;80;100;5;-1;-1;-1,0
8;80;100;1;-1;-1;-1,0
8;80;100;4;-1;-1;-1,0
8;80;100;5;-1;-1;-1,0
8;80;100;1;-1;-1;-1,0
2;80;100;0;-1;-1;-1,0
8;80;100;9;-1;-1;-1,0
8;80;100;7;-1;-1;-1,0
2;80;100;0;-1;-1;-1,0
8;80;100;5;-1;-1;-1,0
8;80;100;6;-1;-1;-1,0
1;80;100;7;-1;-1;-1,0
1;80;100;2;-1;-1;-1,0
8;80;100;4;-1;-1;-1,0
8;80;100;8;-1;-1;-1,0
8;80;100;3;-1;-1;-1,0
8;80;100;6;-1;-1;-1,0
8;80;100;5;-1;-1;-1,0
8;80;100;0;-1;-1;-1,0
8;80;100;9;-1;-1;-1,0
8;80;100;8;-1;-1;-1,0
8;80;100;5;-1;-1;-1,0
8;80;100;6;-1;-1;-1,0
8;80;100;0;-1;-1;-1,0
8;80;100;4;-1;-1;-1,0
8;80;100;6;-1;-1;-1,0
8;80;100;2;-1;-1;-1,0
8;80;100;1;-1;-1;-1,0
8;80;100;9;-1;-1;-1,0
8;80;100;2;-1;-1;-1,0
8;80;100;0;-1;-1;-1,0
8;80;100;2;-1;-1;-1,0
8;80;100;6;-1;-1;-1,0
2;80;100;2;-1;-1;-1,0
8;80;100;0;-1;-1;-1,0
8;80;100;3;-1;-1;-1,0
8;80;100;9;-1;-1;-1,0
8;80;100;5;-1;-1;-1,0
8;80;100;3;-1;-1;-1,0
1;80;100;9;-1;-1;-1,0
8;80;100;6;-1;-1;-1,0
8;80;100;1;-1;-1;-1,0
8;80;100;3;-1;-1;-1,0
1;80;100;0;-1;-1;-1,0
2;80;100;1;-1;-1;-1,0
2;80;100;2;-1;-1;-1,0
1;80;100;8;-1;-1;-1,0
8;80;100;9;-1;-1;-1,0
8;80;100;2;-1;-1;-1,0
8;80;100;8;-1;-1;-1,0
8;80;100;7;-1;-1;-1,0
8;80;100;5;-1;-1;-1,0
8;80;100;4;-1;-1;-1,0
8;80;100;1;-1;-1;-1,0
8;80;100;8;-1;-1;-1,0
2;80;100;4;-1;-1;-1,0
2;80;100;6;-1;-1;-1,0
8;80;100;0;-1;-1;-1,0
2;80;100;9;-1;-1;-1,0
2;80;100;1;-1;-1;-1,0
1;80;100;3;-1;-1;-1,0
8;80;100;0;-1;-1;-1,0
2;80;100;3;-1;-1;-1,0
8;80;100;8;-1;-1;-1,0
8;80;100;3;-1;-1;-1,0
1;80;100;6;-1;-1;-1,0
8;80;100;7;-1;-1;-1,0
2;80;100;8;-1;-1;-1,0
8;80;100;0;-1;-1;-1,0
8;80;100;4;-1;-1;-1,0
2;80;100;7;-1;-1;-1,0
2;80;100;5;-1;-1;-1,0
8;80;100;2;-1;-1;-1,0
8;80;100;4;-1;-1;-1,0
2;80;100;4;-1;-1;-1,0
2;80;100;8;-1;-1;-1,0
8;80;100;9;-1;-1;-1,0
8;80;100;8;-1;-1;-1,0
8;80;100;6;-1;-1;-1,0
8;80;100;7;-1;-1;-1,0
8;80;100;3;-1;-1;-1,0
8;80;100;4;-1;-1;-1,0
8;80;100;9;-1;-1;-1,0
8;80;100;7;-1;-1;-1,0
8;80;100;3;-1;-1;-1,0
8;80;100;8;-1;-1;-1,0
8;80;100;5;-1;-1;-1,0
2;80;100;6;-1;-1;-1,0
8;80;100;2;-1;-1;-1,0
8;80;100;1;-1;-1;-1,0
8;80;100;8;-1;-1;-1,0
2;80;100;9;-1;-1;-1,0
8;80;100;6;-1;-1;-1,0
2;80;100;5;-1;-1;-1,0
8;80;100;3;-1;-1;-1,0
2;80;100;7;-1;-1;-1,0
8;80;100;4;-1;-1;-1,0
1;80;100;4;-1;-1;-1,0
8;80;100;1;-1;-1;-1,0
8;80;100;0;-1;-1;-1,0
1;80;100;1;-1;-1;-1,0
8;80;100;5;-1;-1;-1,0
8;80;100;9;-1;-1;-1,0
8;80;100;7;-1;-1;-1,0
2;80;100;3;-1;-1;-1,0
1;80;100;5;-1;-1;-1,0
8;80;100;2;-1;-1;-1,0
8;80;100;7;-1;-1;-1,0
8;80;100;2;-1;-1;-1,0
8;80;100;1;-1;-1;-1,0
8;80;100;7;-1;-1;-1,0
1;80;100;5;-1;-1;-1,0
2;80;100;3;-1;-1;-1,0
1;80;100;1;-1;-1;-1,0
2;80;100;7;-1;-1;-1,0
1;80;100;4;-1;-1;-1,0
2;80;100;6;-1;-1;-1,0
2;80;100;5;-1;-1;-1,0
2;80;100;9;-1;-1;-1,0
2;80;100;4;-1;-1;-1,0
2;80;100;8;-1;-1;-1,0
2;80;100;7;-1;-1;-1,0
2;80;100;5;-1;-1;-1,0
2;80;100;3;-1;-1;-1,0
1;80;100;6;-1;-1;-1,0
2;80;100;8;-1;-1;-1,0
8;80;100;7;-1;-1;-1,0
2;80;100;6;-1;-1;-1,0
2;80;100;1;-1;-1;-1,0
2;80;100;4;-1;-1;-1,0
2;80;100;9;-1;-1;-1,0
1;80;100;3;-1;-1;-1,0
1;80;100;3;-1;-1;-1,0
1;80;100;3;-1;-1;-1,0
2;80;100;2;-1;-1;-1,0
8;80;100;2;-1;-1;-1,0
8;80;100;7;-1;-1;-1,0
1;80;100;8;-1;-1;-1,0
1;80;100;9;-1;-1;-1,0
2;80;100;1;-1;-1;-1,0
1;80;100;0;-1;-1;-1,0
1;80;100;7;-1;-1;-1,0
1;80;100;2;-1;-1;-1,0
8;80;100;8;-1;-1;-1,0
8;80;100;6;-1;-1;-1,0
8;80;100;8;-1;-1;-1,0
8;80;100;2;-1;-1;-1,0
8;80;100;6;-1;-1;-1,0
8;80;100;6;-1;-1;-1,0
8;80;100;5;-1;-1;-1,0
2;80;100;2;-1;-1;-1,0
8;80;100;5;-1;-1;-1,0
1;80;100;7;-1;-1;-1,0
8;80;100;5;-1;-1;-1,0
8;80;100;2;-1;-1;-1,0
8;80;100;0;-1;-1;-1,0
8;80;100;2;-1;-1;-1,0
8;80;100;9;-1;-1;-1,0
8;80;100;5;-1;-1;-1,0
8;80;100;4;-1;-1;-1,0
8;80;100;1;-1;-1;-1,0
8;80;100;7;-1;-1;-1,0
2;80;100;0;-1;-1;-1,0
8;80;100;5;-1;-1;-1,0
8;80;100;9;-1;-1;-1,0
2;80;100;0;-1;-1;-1,0
8;80;100;6;-1;-1;-1,0
2;80;100;0;-1;-1;-1,0
2;80;100;0;-1;-1;-1,0
2;80;100;0;-1;-1;-1,0
1;80;100;7;-1;-1;-1,0
1;80;100;2;-1;-1;-1,0
1;80;100;0;-1;-1;-1,0
2;80;100;1;-1;-1;-1,0
2;80;100;2;-1;-1;-1,0
1;80;100;9;-1;-1;-1,0
1;80;100;8;-1;-1;-1,0
2;80;100;2;-1;-1;-1,0
1;80;100;3;-1;-1;-1,0
2;80;100;9;-1;-1;-1,0
2;80;100;1;-1;-1;-1,0
2;80;100;6;-1;-1;-1,0
2;80;100;4;-1;-1;-1,0
1;80;100;6;-1;-1;-1,0
2;80;100;3;-1;-1;-1,0
2;80;100;8;-1;-1;-1,0
2;80;100;5;-1;-1;-1,0
2;80;100;3;-1;-1;-1,0
2;80;100;7;-1;-1;-1,0
2;80;100;8;-1;-1;-1,0
2;80;100;4;-1;-1;-1,0
2;80;100;9;-1;-1;-1,0
2;80;100;6;-1;-1;-1,0
2;80;100;5;-1;-1;-1,0
2;80;100;3;-1;-1;-1,0
1;80;100;1;-1;-1;-1,0
2;80;100;7;-1;-1;-1,0
1;80;100;4;-1;-1;-1,0
1;80;100;5;-1;-1;-1,0
2;80;100;7;-1;-1;-1,0
1;80;100;4;-1;-1;-1,0
1;80;100;5;-1;-1;-1,0
2;80;100;3;-1;-1;-1,0
1;80;100;1;-1;-1;-1,0
2;80;100;5;-1;-1;-1,0
2;80;100;6;-1;-1;-1,0
2;80;100;9;-1;-1;-1,0
2;80;100;4;-1;-1;-1,0
2;80;100;8;-1;-1;-1,0
2;80;100;5;-1;-1;-1,0
2;80;100;7;-1;-1;-1,0
2;80;100;3;-1;-1;-1,0
1;80;100;6;-1;-1;-1,0
2;80;100;8;-1;-1;-1,0
2;80;100;4;-1;-1;-1,0
2;80;100;1;-1;-1;-1,0
2;80;100;6;-1;-1;-1,0
2;80;100;9;-1;-1;-1,0
2;80;100;6;-1;-1;-1,0
1;80;100;3;-1;-1;-1,0
2;80;100;2;-1;-1;-1,0
1;80;100;8;-1;-1;-1,0
1;80;100;2;-1;-1;-1,0
2;80;100;2;-1;-1;-1,0
1;80;100;7;-1;-1;-1,0
1;80;100;0;-1;-1;-1,0
2;80;100;1;-1;-1;-1,0
1;80;100;9;-1;-1;-1,0
2;80;100;0;-1;-1;-1,0
2;80;100;0;-1;-1;-1,0
1;80;100;9;-1;-1;-1,0
2;80;100;2;-1;-1;-1,0
2;80;100;0;-1;-1;-1,0
1;80;100;7;-1;-1;-1,0
1;80;100;0;-1;-1;-1,0
2;80;100;1;-1;-1;-1,0
1;80;100;2;-1;-1;-1,0
2;80;100;1;-1;-1;-1,0
2;80;100;2;-1;-1;-1,0
1;80;100;8;-1;-1;-1,0
1;80;100;3;-1;-1;-1,0
2;80;100;6;-1;-1;-1,0
2;80;100;9;-1;-1;-1,0
2;80;100;4;-1;-1;-1,0
2;80;100;1;-1;-1;-1,0
2;80;100;8;-1;-1;-1,0
1;80;100;6;-1;-1;-1,0
2;80;100;1;-1;-1;-1,0
2;80;100;5;-1;-1;-1,0
2;80;100;7;-1;-1;-1,0
2;80;100;3;-1;-1;-1,0
2;80;100;3;-1;-1;-1,0
2;80;100;4;-1;-1;-1,0
2;80;100;8;-1;-1;-1,0
1;80;100;4;-1;-1;-1,0
2;80;100;7;-1;-1;-1,0
1;80;100;5;-1;-1;-1,0
2;80;100;3;-1;-1;-1,0
1;80;100;1;-1;-1;-1,0
2;80;100;5;-1;-1;-1,0
2;80;100;9;-1;-1;-1,0
2;80;100;6;-1;-1;-1,0
2;80;100;9;-1;-1;-1,0
2;80;100;6;-1;-1;-1,0
1;80;100;5;-1;-1;-1,0
2;80;100;3;-1;-1;-1,0
1;80;100;1;-1;-1;-1,0
2;80;100;5;-1;-1;-1,0
1;80;100;4;-1;-1;-1,0
2;80;100;7;-1;-1;-1,0
2;80;100;8;-1;-1;-1,0
2;80;100;4;-1;-1;-1,0
2;80;100;3;-1;-1;-1,0
2;80;100;5;-1;-1;-1,0
2;80;100;7;-1;-1;-1,0
1;80;100;6;-1;-1;-1,0
2;80;100;1;-1;-1;-1,0
2;80;100;8;-1;-1;-1,0
2;80;100;4;-1;-1;-1,0
2;80;100;9;-1;-1;-1,0
2;80;100;6;-1;-1;-1,0
1;80;100;3;-1;-1;-1,0
2;80;100;1;-1;-1;-1,0
1;80;100;8;-1;-1;-1,0
2;80;100;2;-1;-1;-1,0
2;80;100;2;-1;-1;-1,0
1;80;100;0;-1;-1;-1,0
1;80;100;2;-1;-1;-1,0
1;80;100;2;-1;-1;-1,0
1;80;100;7;-1;-1;-1,0
1;80;100;9;-1;-1;-1,0
2;80;100;2;-1;-1;-1,0
2;80;100;0;-1;-1;-1,0
2;80;100;0;-1;-1;-1,0
2;80;100;0;-1;-1;-1,0
2;80;100;0;-1;-1;-1,0
2;80;100;0;-1;-1;-1,0
2;80;100;0;-1;-1;-1,0
2;80;100;2;-1;-1;-1,0
1;80;100;9;-1;-1;-1,0
1;80;100;7;-1;-1;-1,0
1;80;100;2;-1;-1;-1,0
1;80;100;0;-1;-1;-1,0
2;80;100;2;-1;-1;-1,0
1;80;100;8;-1;-1;-1,0
2;80;100;1;-1;-1;-1,0
1;80;100;3;-1;-1;-1,0
2;80;100;6;-1;-1;-1,0
2;80;100;9;-1;-1;-1,0
2;80;100;4;-1;-1;-1,0
2;80;100;8;-1;-1;-1,0
2;80;100;1;-1;-1;-1,0
1;80;100;6;-1;-1;-1,0
2;80;100;5;-1;-1;-1,0
2;80;100;7;-1;-1;-1,0
2;80;100;3;-1;-1;-1,0
2;80;100;8;-1;-1;-1,0
2;80;100;4;-1;-1;-1,0
1;80;100;4;-1;-1;-1,0
1;80;100;1;-1;-1;-1,0
2;80;100;7;-1;-1;-1,0
2;80;100;5;-1;-1;-1,0
2;80;100;9;-1;-1;-1,0
1;80;100;5;-1;-1;-1,0
2;80;100;3;-1;-1;-1,0
2;80;100;6;-1;-1;-1,0
1;80;100;5;-1;-1;-1,0
2;80;100;6;-1;-1;-1,0
2;80;100;3;-1;-1;-1,0
1;80;100;1;-1;-1;-1,0
2;80;100;7;-1;-1;-1,0
2;80;100;5;-1;-1;-1,0
2;80;100;9;-1;-1;-1,0
1;80;100;4;-1;-1;-1,0
2;80;100;4;-1;-1;-1,0
2;80;100;8;-1;-1;-1,0
2;80;100;3;-1;-1;-1,0
2;80;100;7;-1;-1;-1,0
2;80;100;5;-1;-1;-1,0
2;80;100;1;-1;-1;-1,0
1;80;100;6;-1;-1;-1,0
2;80;100;4;-1;-1;-1,0
2;80;100;8;-1;-1;-1,0
2;80;100;9;-1;-1;-1,0
1;80;100;3;-1;-1;-1,0
2;80;100;6;-1;-1;-1,0
1;80;100;8;-1;-1;-1,0
2;80;100;1;-1;-1;-1,0
2;80;100;2;-1;-1;-1,0
1;80;100;0;-1;-1;-1,0
1;80;100;2;-1;-1;-1,0
1;80;100;7;-1;-1;-1,0
1;80;100;9;-1;-1;-1,0
2;80;100;2;-1;-1;-1,0
2;80;100;0;-1;-1;-1,0
2;80;100;0;-1;-1;-1,0
2;80;100;0;-1;-1;-1,0
2;80;100;0;-1;-1;-1,0
2;80;100;2;-1;-1;-1,0
1;80;100;9;-1;-1;-1,0
1;80;100;7;-1;-1;-1,0
1;80;100;2;-1;-1;-1,0
1;80;100;0;-1;-1;-1,0
2;80;100;2;-1;-1;-1,0
2;80;100;1;-1;-1;-1,0
1;80;100;8;-1;-1;-1,0
2;80;100;6;-1;-1;-1,0
1;80;100;8;-1;-1;-1,0
1;80;100;3;-1;-1;-1,0
2;80;100;9;-1;-1;-1,0
2;80;100;8;-1;-1;-1,0
2;80;100;4;-1;-1;-1,0
1;80;100;6;-1;-1;-1,0
2;80;100;1;-1;-1;-1,0
2;80;100;5;-1;-1;-1,0
2;80;100;7;-1;-1;-1,0
2;80;100;3;-1;-1;-1,0
2;80;100;4;-1;-1;-1,0
2;80;100;8;-1;-1;-1,0
1;80;100;4;-1;-1;-1,0
2;80;100;5;-1;-1;-1,0
2;80;100;9;-1;-1;-1,0
2;80;100;6;-1;-1;-1,0
2;80;100;3;-1;-1;-1,0
2;80;100;7;-1;-1;-1,0
1;80;100;1;-1;-1;-1,0
1;80;100;5;-1;-1;-1,0
2;80;100;6;-1;-1;-1,0
1;80;100;5;-1;-1;-1,0
1;80;100;1;-1;-1;-1,0
2;80;100;9;-1;-1;-1,0
2;80;100;7;-1;-1;-1,0
2;80;100;3;-1;-1;-1,0
1;80;100;4;-1;-1;-1,0
2;80;100;5;-1;-1;-1,0
2;80;100;4;-1;-1;-1,0
2;80;100;8;-1;-1;-1,0
2;80;100;3;-1;-1;-1,0
2;80;100;7;-1;-1;-1,0
2;80;100;5;-1;-1;-1,0
2;80;100;1;-1;-1;-1,0
1;80;100;6;-1;-1;-1,0
2;80;100;4;-1;-1;-1,0
2;80;100;8;-1;-1;-1,0
2;80;100;9;-1;-1;-1,0
2;80;100;6;-1;-1;-1,0
1;80;100;3;-1;-1;-1,0
1;80;100;8;-1;-1;-1,0
2;80;100;1;-1;-1;-1,0
2;80;100;2;-1;-1;-1,0
1;80;100;0;-1;-1;-1,0
1;80;100;2;-1;-1;-1,0
1;80;100;7;-1;-1;-1,0
1;80;100;9;-1;-1;-1,0
2;80;100;2;-1;-1;-1,0
2;80;100;0;-1;-1;-1,0
2;80;100;0;-1;-1;-1,0
1;80;100;2;-1;-1;-1,0
1;80;100;7;-1;-1;-1,0
2;80;100;0;-1;-1;-1,0
2;80;100;2;-1;-1;-1,0
1;80;100;9;-1;-1;-1,0
2;80;100;0;-1;-1;-1,0
1;80;100;0;-1;-1;-1,0
2;80;100;2;-1;-1;-1,0
2;80;100;1;-1;-1;-1,0
1;80;100;8;-1;-1;-1,0
2;80;100;6;-1;-1;-1,0
1;80;100;3;-1;-1;-1,0
2;80;100;9;-1;-1;-1,0
2;80;100;4;-1;-1;-1,0
2;80;100;8;-1;-1;-1,0
1;80;100;6;-1;-1;-1,0
2;80;100;1;-1;-1;-1,0
2;80;100;5;-1;-1;-1,0
2;80;100;7;-1;-1;-1,0
2;80;100;3;-1;-1;-1,0
2;80;100;4;-1;-1;-1,0
2;80;100;8;-1;-1;-1,0
2;80;100;5;-1;-1;-1,0
2;80;100;3;-1;-1;-1,0
1;80;100;4;-1;-1;-1,0
2;80;100;7;-1;-1;-1,0
1;80;100;1;-1;-1;-1,0
2;80;100;9;-1;-1;-1,0
1;80;100;5;-1;-1;-1,0
2;80;100;6;-1;-1;-1,0
2;80;100;6;-1;-1;-1,0
1;80;100;5;-1;-1;-1,0
1;80;100;1;-1;-1;-1,0
2;80;100;9;-1;-1;-1,0
2;80;100;7;-1;-1;-1,0
2;80;100;3;-1;-1;-1,0
1;80;100;4;-1;-1;-1,0
2;80;100;5;-1;-1;-1,0
2;80;100;4;-1;-1;-1,0
2;80;100;8;-1;-1;-1,0
2;80;100;3;-1;-1;-1,0
2;80;100;7;-1;-1;-1,0
2;80;100;5;-1;-1;-1,0
1;80;100;6;-1;-1;-1,0
2;80;100;1;-1;-1;-1,0
2;80;100;8;-1;-1;-1,0
2;80;100;4;-1;-1;-1,0
2;80;100;9;-1;-1;-1,0
1;80;100;3;-1;-1;-1,0
1;80;100;8;-1;-1;-1,0
2;80;100;6;-1;-1;-1,0
2;80;100;1;-1;-1;-1,0
2;80;100;2;-1;-1;-1,0
1;80;100;0;-1;-1;-1,0
2;80;100;0;-1;-1;-1,0
1;80;100;9;-1;-1;-1,0
2;80;100;2;-1;-1;-1,0
2;80;100;0;-1;-1;-1,0
1;80;100;7;-1;-1;-1,0
1;80;100;2;-1;-1;-1,0
2;80;100;1;-1;-1;-1,0
1;80;100;6;-1;-1;-1,0
2;80;100;5;-1;-1;-1,0
2;80;100;7;-1;-1;-1,0
2;80;100;3;-1;-1;-1,0
2;80;100;8;-1;-1;-1,0
2;80;100;4;-1;-1;-1,0
1;80;100;4;-1;-1;-1,0
2;80;100;5;-1;-1;-1,0
2;80;100;3;-1;-1;-1,0
2;80;100;9;-1;-1;-1,0
2;80;100;7;-1;-1;-1,0
1;80;100;1;-1;-1;-1,0
1;80;100;5;-1;-1;-1,0
2;80;100;6;-1;-1;-1,0
