1;200;40;0;234;61;5,732791846377365
1;200;40;1;-1;-1;-1,0
1;200;40;2;-1;-1;-1,0
1;200;40;3;247;78;5,732849894477713
1;200;40;4;-1;-1;-1,0
1;200;40;5;-1;-1;-1,0
1;200;40;6;284;140;5,732886800352619
1;200;40;7;-1;-1;-1,0
1;200;40;8;268;90;5,73288559509703
2;200;40;0;297;218;5,733119900125952
1;200;40;9;-1;-1;-1,0
2;200;40;1;460;142;5,7332723137704225
2;200;40;0;297;218;5,733119900125952
2;200;40;1;460;142;5,7332723137704225
2;200;40;2;-1;-1;-1,0
2;200;40;2;-1;-1;-1,0
2;200;40;3;257;87;5,732913055205657
2;200;40;3;257;87;5,732913055205657
2;200;40;4;258;62;5,733041544410612
2;200;40;4;257;269;5,733065841474853
2;200;40;5;324;119;5,733100780411643
2;200;40;5;324;119;5,733100780411643
2;200;40;6;338;294;5,733180399812032
2;200;40;6;385;292;5,733180726048712
2;200;40;7;307;127;5,733403399387159
2;200;40;7;307;127;5,733403399387159
2;200;40;8;-1;-1;-1,0
2;200;40;8;-1;-1;-1,0
2;200;40;9;-1;-1;-1,0
2;200;40;9;-1;-1;-1,0
8;200;40;0;331;108;5,7334765811748305
8;200;40;0;281;125;5,733477585555425
8;200;40;0;249;106;5,733593616329958
8;200;40;0;241;127;5,733592033335714
8;200;40;0;243;139;5,733661384395624
8;200;40;0;243;139;5,733661384395624
8;200;40;0;302;169;5,733519277876793
8;200;40;0;302;169;5,733519277876793
8;200;40;1;287;70;5,7337417607019425
8;200;40;1;290;102;5,733743217146212
8;200;40;1;290;102;5,733743217146212
8;200;40;1;290;102;5,733743217146212
8;200;40;1;290;102;5,733743217146212
8;200;40;1;287;139;5,733519441706429
8;200;40;1;336;202;5,733552965089837
8;200;40;1;336;202;5,733552965089837
8;200;40;2;254;65;5,733706351836841
8;200;40;2;254;65;5,733706351836841
8;200;40;2;254;65;5,733706351836841
8;200;40;2;271;67;5,733597564146995
8;200;40;2;271;67;5,733597564146995
8;200;40;2;336;51;5,733618190086561
8;200;40;2;336;51;5,733618190086561
8;200;40;2;336;51;5,733618190086561
8;200;40;3;246;147;5,733787327411107
8;200;40;3;265;177;5,733897340946434
8;200;40;3;265;177;5,733897340946434
8;200;40;3;257;103;5,733964433321013
8;200;40;3;257;103;5,733964433321013
8;200;40;3;261;120;5,734030168091126
8;200;40;3;261;120;5,734030168091126
8;200;40;3;261;120;5,734030168091126
8;200;40;4;-1;-1;-1,0
8;200;40;4;-1;-1;-1,0
8;200;40;4;-1;-1;-1,0
8;200;40;4;479;107;5,7337222786296715
8;200;40;4;479;182;5,733725994869675
8;200;40;4;365;135;5,733820520440153
8;200;40;4;365;135;5,733820520440153
8;200;40;4;365;135;5,733820520440153
8;200;40;5;-1;-1;-1,0
8;200;40;5;261;69;5,733492737719082
8;200;40;5;261;69;5,733492737719082
8;200;40;5;242;62;5,733577162815305
8;200;40;5;270;105;5,733577262508732
8;200;40;5;270;105;5,733577262508732
8;200;40;5;270;105;5,733577262508732
8;200;40;5;270;105;5,733577262508732
8;200;40;6;234;82;5,733227430821107
8;200;40;6;234;82;5,733227430821107
8;200;40;6;242;442;5,733090385012135
8;200;40;6;242;442;5,733090385012135
8;200;40;6;386;66;5,7330484241562125
8;200;40;6;286;107;5,733068424932076
8;200;40;6;349;159;5,733186819526742
8;200;40;6;349;159;5,733186819526742
8;200;40;7;418;65;5,733049415314589
8;200;40;7;354;113;5,733072225732397
8;200;40;7;241;199;5,73309716898719
8;200;40;7;270;75;5,733109404865609
8;200;40;7;381;109;5,733127595780639
8;200;40;7;381;109;5,733127595780639
8;200;40;7;254;64;5,733136316173138
8;200;40;7;254;64;5,733136316173138
8;200;40;8;-1;-1;-1,0
8;200;40;8;254;62;5,733081969847178
8;200;40;8;254;62;5,733081969847178
8;200;40;8;251;125;5,733197206135306
8;200;40;8;378;129;5,733328074683751
8;200;40;8;277;101;5,733397135633933
8;200;40;8;361;258;5,733419314909861
8;200;40;8;361;258;5,733419314909861
1;200;40;8;268;90;5,73288559509703
1;200;40;7;-1;-1;-1,0
8;200;40;5;270;105;5,733577262508732
8;200;40;9;-1;-1;-1,0
2;200;40;8;-1;-1;-1,0
2;200;40;5;324;119;5,733100780411643
8;200;40;3;261;120;5,734030168091126
8;200;40;2;336;51;5,733618190086561
2;200;40;1;460;142;5,7332723137704225
8;200;40;0;302;169;5,733519277876793
8;200;40;3;261;120;5,734030168091126
8;200;40;1;336;202;5,733552965089837
8;200;40;0;302;169;5,733519277876793
8;200;40;8;361;258;5,733419314909861
8;200;40;7;254;64;5,733136316173138
8;200;40;6;349;159;5,733186819526742
8;200;40;1;336;202;5,733552965089837
8;200;40;5;270;105;5,733577262508732
2;200;40;0;297;218;5,733119900125952
8;200;40;1;336;202;5,733552965089837
2;200;40;2;-1;-1;-1,0
8;200;40;0;302;169;5,733519277876793
8;200;40;9;-1;-1;-1,0
2;200;40;7;307;127;5,733403399387159
8;200;40;1;336;202;5,733552965089837
2;200;40;1;460;142;5,7332723137704225
8;200;40;6;349;159;5,733186819526742
1;200;40;9;-1;-1;-1,0
2;200;40;7;307;127;5,733403399387159
8;200;40;5;270;105;5,733577262508732
8;200;40;3;261;120;5,734030168091126
1;200;40;4;-1;-1;-1,0
8;200;40;4;365;135;5,733820520440153
8;200;40;3;261;120;5,734030168091126
8;200;40;4;365;135;5,733820520440153
8;200;40;7;254;64;5,733136316173138
8;200;40;6;349;159;5,733186819526742
8;200;40;3;261;120;5,734030168091126
8;200;40;2;336;51;5,733618190086561
8;200;40;0;302;169;5,733519277876793
2;200;40;8;-1;-1;-1,0
2;200;40;4;257;269;5,733065841474853
2;200;40;1;460;142;5,7332723137704225
8;200;40;7;254;64;5,733136316173138
8;200;40;1;336;202;5,733552965089837
8;200;40;3;261;120;5,734030168091126
8;200;40;3;261;120;5,734030168091126
8;200;40;1;336;202;5,733552965089837
8;200;40;1;336;202;5,733552965089837
8;200;40;3;261;120;5,734030168091126
8;200;40;0;302;169;5,733519277876793
8;200;40;9;-1;-1;-1,0
8;200;40;5;270;105;5,733577262508732
2;200;40;4;257;269;5,733065841474853
8;200;40;8;361;258;5,733419314909861
8;200;40;2;336;51;5,733618190086561
8;200;40;4;365;135;5,733820520440153
2;200;40;6;385;292;5,733180726048712
8;200;40;8;361;258;5,733419314909861
2;200;40;3;257;87;5,732913055205657
8;200;40;5;270;105;5,733577262508732
8;200;40;2;336;51;5,733618190086561
8;200;40;0;302;169;5,733519277876793
8;200;40;4;365;135;5,733820520440153
8;200;40;7;254;64;5,733136316173138
8;200;40;9;-1;-1;-1,0
8;200;40;1;336;202;5,733552965089837
2;200;40;0;297;218;5,733119900125952
8;200;40;9;-1;-1;-1,0
2;200;40;2;-1;-1;-1,0
8;200;40;1;336;202;5,733552965089837
8;200;40;2;336;51;5,733618190086561
8;200;40;7;254;64;5,733136316173138
1;200;40;2;-1;-1;-1,0
8;200;40;0;302;169;5,733519277876793
8;200;40;2;336;51;5,733618190086561
8;200;40;4;365;135;5,733820520440153
8;200;40;5;270;105;5,733577262508732
1;200;40;3;247;78;5,732849894477713
8;200;40;8;361;258;5,733419314909861
8;200;40;6;349;159;5,733186819526742
1;200;40;0;234;61;5,732791846377365
8;200;40;9;-1;-1;-1,0
8;200;40;7;254;64;5,733136316173138
8;200;40;9;-1;-1;-1,0
8;200;40;1;336;202;5,733552965089837
2;200;40;6;385;292;5,733180726048712
8;200;40;0;302;169;5,733519277876793
8;200;40;4;365;135;5,733820520440153
8;200;40;6;349;159;5,733186819526742
1;200;40;6;284;140;5,732886800352619
8;200;40;2;336;51;5,733618190086561
1;200;40;1;-1;-1;-1,0
8;200;40;7;254;64;5,733136316173138
8;200;40;8;361;258;5,733419314909861
8;200;40;2;336;51;5,733618190086561
8;200;40;6;349;159;5,733186819526742
8;200;40;4;365;135;5,733820520440153
8;200;40;4;365;135;5,733820520440153
8;200;40;8;361;258;5,733419314909861
8;200;40;6;349;159;5,733186819526742
8;200;40;7;254;64;5,733136316173138
2;200;40;5;324;119;5,733100780411643
8;200;40;3;261;120;5,734030168091126
8;200;40;0;302;169;5,733519277876793
8;200;40;5;270;105;5,733577262508732
2;200;40;9;-1;-1;-1,0
8;200;40;8;361;258;5,733419314909861
1;200;40;5;-1;-1;-1,0
8;200;40;6;349;159;5,733186819526742
8;200;40;3;261;120;5,734030168091126
2;200;40;3;257;87;5,732913055205657
8;200;40;9;-1;-1;-1,0
8;200;40;5;270;105;5,733577262508732
2;200;40;9;-1;-1;-1,0
2;200;40;0;297;218;5,733119900125952
8;200;40;5;270;105;5,733577262508732
8;200;40;1;336;202;5,733552965089837
2;200;40;8;-1;-1;-1,0
2;200;40;2;-1;-1;-1,0
8;200;40;5;270;105;5,733577262508732
8;200;40;8;361;258;5,733419314909861
1;200;40;8;268;90;5,73288559509703
2;200;40;5;324;119;5,733100780411643
8;200;40;7;254;64;5,733136316173138
1;200;40;7;-1;-1;-1,0
8;200;40;8;361;258;5,733419314909861
8;200;40;0;302;169;5,733519277876793
8;200;40;6;349;159;5,733186819526742
8;200;40;2;336;51;5,733618190086561
8;200;40;9;-1;-1;-1,0
8;200;40;8;361;258;5,733419314909861
1;200;40;7;-1;-1;-1,0
2;200;40;0;297;218;5,733119900125952
8;200;40;3;261;120;5,734030168091126
8;200;40;5;270;105;5,733577262508732
8;200;40;5;270;105;5,733577262508732
8;200;40;5;270;105;5,733577262508732
8;200;40;8;361;258;5,733419314909861
8;200;40;9;-1;-1;-1,0
8;200;40;6;349;159;5,733186819526742
1;200;40;3;247;78;5,732849894477713
8;200;40;2;336;51;5,733618190086561
2;200;40;2;-1;-1;-1,0
8;200;40;2;336;51;5,733618190086561
8;200;40;0;302;169;5,733519277876793
8;200;40;6;349;159;5,733186819526742
8;200;40;8;361;258;5,733419314909861
8;200;40;3;261;120;5,734030168091126
8;200;40;4;365;135;5,733820520440153
8;200;40;0;302;169;5,733519277876793
2;200;40;5;324;119;5,733100780411643
8;200;40;3;261;120;5,734030168091126
8;200;40;3;261;120;5,734030168091126
8;200;40;3;261;120;5,734030168091126
8;200;40;7;254;64;5,733136316173138
8;200;40;2;336;51;5,733618190086561
8;200;40;4;365;135;5,733820520440153
8;200;40;0;302;169;5,733519277876793
2;200;40;4;257;269;5,733065841474853
2;200;40;8;-1;-1;-1,0
8;200;40;7;254;64;5,733136316173138
8;200;40;1;336;202;5,733552965089837
8;200;40;9;-1;-1;-1,0
8;200;40;3;261;120;5,734030168091126
8;200;40;5;270;105;5,733577262508732
2;200;40;4;257;269;5,733065841474853
8;200;40;8;361;258;5,733419314909861
8;200;40;2;336;51;5,733618190086561
2;200;40;6;385;292;5,733180726048712
2;200;40;0;297;218;5,733119900125952
8;200;40;9;-1;-1;-1,0
8;200;40;7;254;64;5,733136316173138
2;200;40;2;-1;-1;-1,0
8;200;40;2;336;51;5,733618190086561
8;200;40;1;336;202;5,733552965089837
1;200;40;2;-1;-1;-1,0
8;200;40;4;365;135;5,733820520440153
2;200;40;8;-1;-1;-1,0
8;200;40;6;349;159;5,733186819526742
8;200;40;8;361;258;5,733419314909861
1;200;40;6;284;140;5,732886800352619
8;200;40;6;349;159;5,733186819526742
2;200;40;5;324;119;5,733100780411643
8;200;40;0;302;169;5,733519277876793
2;200;40;6;385;292;5,733180726048712
8;200;40;9;-1;-1;-1,0
8;200;40;7;254;64;5,733136316173138
8;200;40;1;336;202;5,733552965089837
1;200;40;0;234;61;5,732791846377365
8;200;40;4;365;135;5,733820520440153
1;200;40;1;-1;-1;-1,0
8;200;40;7;254;64;5,733136316173138
8;200;40;2;336;51;5,733618190086561
8;200;40;2;336;51;5,733618190086561
8;200;40;4;365;135;5,733820520440153
8;200;40;0;302;169;5,733519277876793
8;200;40;5;270;105;5,733577262508732
8;200;40;8;361;258;5,733419314909861
8;200;40;1;336;202;5,733552965089837
8;200;40;1;336;202;5,733552965089837
8;200;40;7;254;64;5,733136316173138
8;200;40;1;336;202;5,733552965089837
8;200;40;1;336;202;5,733552965089837
8;200;40;0;302;169;5,733519277876793
8;200;40;9;-1;-1;-1,0
8;200;40;8;361;258;5,733419314909861
8;200;40;7;254;64;5,733136316173138
8;200;40;8;361;258;5,733419314909861
1;200;40;8;268;90;5,73288559509703
8;200;40;5;270;105;5,733577262508732
1;200;40;8;268;90;5,73288559509703
8;200;40;3;261;120;5,734030168091126
8;200;40;9;-1;-1;-1,0
8;200;40;0;302;169;5,733519277876793
1;200;40;3;247;78;5,732849894477713
8;200;40;6;349;159;5,733186819526742
8;200;40;8;361;258;5,733419314909861
8;200;40;5;270;105;5,733577262508732
8;200;40;5;270;105;5,733577262508732
8;200;40;3;261;120;5,734030168091126
8;200;40;0;302;169;5,733519277876793
2;200;40;5;324;119;5,733100780411643
8;200;40;9;-1;-1;-1,0
8;200;40;3;261;120;5,734030168091126
8;200;40;0;302;169;5,733519277876793
8;200;40;6;349;159;5,733186819526742
8;200;40;5;270;105;5,733577262508732
8;200;40;5;270;105;5,733577262508732
1;200;40;3;247;78;5,732849894477713
8;200;40;8;361;258;5,733419314909861
8;200;40;3;261;120;5,734030168091126
1;200;40;8;268;90;5,73288559509703
8;200;40;0;302;169;5,733519277876793
8;200;40;9;-1;-1;-1,0
8;200;40;7;254;64;5,733136316173138
8;200;40;1;336;202;5,733552965089837
8;200;40;7;254;64;5,733136316173138
8;200;40;8;361;258;5,733419314909861
8;200;40;5;270;105;5,733577262508732
8;200;40;1;336;202;5,733552965089837
8;200;40;8;361;258;5,733419314909861
1;200;40;0;234;61;5,732791846377365
8;200;40;4;365;135;5,733820520440153
8;200;40;7;254;64;5,733136316173138
8;200;40;2;336;51;5,733618190086561
8;200;40;5;270;105;5,733577262508732
8;200;40;0;302;169;5,733519277876793
8;200;40;2;336;51;5,733618190086561
8;200;40;8;361;258;5,733419314909861
1;200;40;1;-1;-1;-1,0
8;200;40;4;365;135;5,733820520440153
8;200;40;1;336;202;5,733552965089837
8;200;40;1;336;202;5,733552965089837
8;200;40;1;336;202;5,733552965089837
1;200;40;6;284;140;5,732886800352619
8;200;40;6;349;159;5,733186819526742
8;200;40;0;302;169;5,733519277876793
2;200;40;6;385;292;5,733180726048712
8;200;40;7;254;64;5,733136316173138
2;200;40;5;324;119;5,733100780411643
8;200;40;9;-1;-1;-1,0
8;200;40;2;336;51;5,733618190086561
8;200;40;6;349;159;5,733186819526742
8;200;40;8;361;258;5,733419314909861
1;200;40;2;-1;-1;-1,0
8;200;40;1;336;202;5,733552965089837
2;200;40;8;-1;-1;-1,0
8;200;40;4;365;135;5,733820520440153
2;200;40;2;-1;-1;-1,0
2;200;40;0;297;218;5,733119900125952
8;200;40;7;254;64;5,733136316173138
2;200;40;6;385;292;5,733180726048712
8;200;40;2;336;51;5,733618190086561
8;200;40;8;361;258;5,733419314909861
8;200;40;9;-1;-1;-1,0
8;200;40;3;261;120;5,734030168091126
8;200;40;5;270;105;5,733577262508732
2;200;40;4;257;269;5,733065841474853
8;200;40;9;-1;-1;-1,0
2;200;40;8;-1;-1;-1,0
8;200;40;1;336;202;5,733552965089837
8;200;40;7;254;64;5,733136316173138
8;200;40;3;261;120;5,734030168091126
8;200;40;7;254;64;5,733136316173138
8;200;40;0;302;169;5,733519277876793
8;200;40;4;365;135;5,733820520440153
8;200;40;2;336;51;5,733618190086561
2;200;40;4;257;269;5,733065841474853
8;200;40;3;261;120;5,734030168091126
8;200;40;4;365;135;5,733820520440153
8;200;40;2;336;51;5,733618190086561
8;200;40;2;336;51;5,733618190086561
8;200;40;6;349;159;5,733186819526742
8;200;40;5;270;105;5,733577262508732
8;200;40;8;361;258;5,733419314909861
2;200;40;2;-1;-1;-1,0
2;200;40;7;307;127;5,733403399387159
1;200;40;7;-1;-1;-1,0
8;200;40;8;361;258;5,733419314909861
8;200;40;5;270;105;5,733577262508732
2;200;40;0;297;218;5,733119900125952
8;200;40;3;261;120;5,734030168091126
8;200;40;6;349;159;5,733186819526742
2;200;40;9;-1;-1;-1,0
2;200;40;3;257;87;5,732913055205657
8;200;40;0;302;169;5,733519277876793
8;200;40;7;254;64;5,733136316173138
8;200;40;4;365;135;5,733820520440153
1;200;40;5;-1;-1;-1,0
2;200;40;3;257;87;5,732913055205657
8;200;40;9;-1;-1;-1,0
2;200;40;9;-1;-1;-1,0
8;200;40;5;270;105;5,733577262508732
8;200;40;2;336;51;5,733618190086561
8;200;40;3;261;120;5,734030168091126
1;200;40;4;-1;-1;-1,0
2;200;40;1;460;142;5,7332723137704225
1;200;40;9;-1;-1;-1,0
8;200;40;9;-1;-1;-1,0
8;200;40;6;349;159;5,733186819526742
2;200;40;7;307;127;5,733403399387159
2;200;40;1;460;142;5,7332723137704225
8;200;40;0;302;169;5,733519277876793
8;200;40;6;349;159;5,733186819526742
8;200;40;4;365;135;5,733820520440153
8;200;40;9;-1;-1;-1,0
8;200;40;3;261;120;5,734030168091126
8;200;40;1;336;202;5,733552965089837
8;200;40;4;365;135;5,733820520440153
8;200;40;6;349;159;5,733186819526742
8;200;40;9;-1;-1;-1,0
8;200;40;0;302;169;5,733519277876793
2;200;40;3;257;87;5,732913055205657
2;200;40;3;257;87;5,732913055205657
8;200;40;7;254;64;5,733136316173138
8;200;40;3;261;120;5,734030168091126
8;200;40;5;270;105;5,733577262508732
8;200;40;2;336;51;5,733618190086561
1;200;40;5;-1;-1;-1,0
8;200;40;3;261;120;5,734030168091126
8;200;40;5;270;105;5,733577262508732
2;200;40;9;-1;-1;-1,0
8;200;40;4;365;135;5,733820520440153
1;200;40;4;-1;-1;-1,0
2;200;40;1;460;142;5,7332723137704225
1;200;40;9;-1;-1;-1,0
8;200;40;9;-1;-1;-1,0
2;200;40;0;297;218;5,733119900125952
2;200;40;9;-1;-1;-1,0
2;200;40;1;460;142;5,7332723137704225
8;200;40;6;349;159;5,733186819526742
2;200;40;7;307;127;5,733403399387159
8;200;40;8;361;258;5,733419314909861
1;200;40;7;-1;-1;-1,0
8;200;40;6;349;159;5,733186819526742
8;200;40;2;336;51;5,733618190086561
8;200;40;5;270;105;5,733577262508732
2;200;40;2;-1;-1;-1,0
8;200;40;2;336;51;5,733618190086561
8;200;40;8;361;258;5,733419314909861
8;200;40;4;365;135;5,733820520440153
8;200;40;3;261;120;5,734030168091126
2;200;40;4;257;269;5,733065841474853
8;200;40;4;365;135;5,733820520440153
8;200;40;7;254;64;5,733136316173138
8;200;40;0;302;169;5,733519277876793
8;200;40;2;336;51;5,733618190086561
8;200;40;7;254;64;5,733136316173138
2;200;40;8;-1;-1;-1,0
8;200;40;1;336;202;5,733552965089837
8;200;40;9;-1;-1;-1,0
8;200;40;3;261;120;5,734030168091126
8;200;40;9;-1;-1;-1,0
8;200;40;2;336;51;5,733618190086561
8;200;40;7;254;64;5,733136316173138
8;200;40;8;361;258;5,733419314909861
8;200;40;5;270;105;5,733577262508732
8;200;40;4;365;135;5,733820520440153
8;200;40;3;261;120;5,734030168091126
2;200;40;6;385;292;5,733180726048712
2;200;40;4;257;269;5,733065841474853
2;200;40;0;297;218;5,733119900125952
8;200;40;5;270;105;5,733577262508732
8;200;40;2;336;51;5,733618190086561
8;200;40;6;349;159;5,733186819526742
8;200;40;8;361;258;5,733419314909861
1;200;40;2;-1;-1;-1,0
8;200;40;9;-1;-1;-1,0
2;200;40;8;-1;-1;-1,0
8;200;40;1;336;202;5,733552965089837
2;200;40;2;-1;-1;-1,0
8;200;40;5;270;105;5,733577262508732
8;200;40;4;365;135;5,733820520440153
8;200;40;1;336;202;5,733552965089837
8;200;40;1;336;202;5,733552965089837
1;200;40;0;234;61;5,732791846377365
8;200;40;2;336;51;5,733618190086561
1;200;40;1;-1;-1;-1,0
8;200;40;7;254;64;5,733136316173138
8;200;40;8;361;258;5,733419314909861
8;200;40;4;365;135;5,733820520440153
1;200;40;6;284;140;5,732886800352619
8;200;40;2;336;51;5,733618190086561
8;200;40;6;349;159;5,733186819526742
8;200;40;0;302;169;5,733519277876793
8;200;40;7;254;64;5,733136316173138
8;200;40;1;336;202;5,733552965089837
8;200;40;0;302;169;5,733519277876793
2;200;40;5;324;119;5,733100780411643
2;200;40;6;385;292;5,733180726048712
8;200;40;5;270;105;5,733577262508732
1;200;40;8;268;90;5,73288559509703
8;200;40;0;302;169;5,733519277876793
8;200;40;1;336;202;5,733552965089837
8;200;40;7;254;64;5,733136316173138
8;200;40;8;361;258;5,733419314909861
2;200;40;5;324;119;5,733100780411643
8;200;40;8;361;258;5,733419314909861
8;200;40;1;336;202;5,733552965089837
8;200;40;9;-1;-1;-1,0
8;200;40;2;336;51;5,733618190086561
8;200;40;7;254;64;5,733136316173138
8;200;40;3;261;120;5,734030168091126
8;200;40;8;361;258;5,733419314909861
8;200;40;7;254;64;5,733136316173138
8;200;40;7;254;64;5,733136316173138
2;200;40;5;324;119;5,733100780411643
8;200;40;0;302;169;5,733519277876793
8;200;40;5;270;105;5,733577262508732
8;200;40;8;361;258;5,733419314909861
8;200;40;6;349;159;5,733186819526742
8;200;40;5;270;105;5,733577262508732
1;200;40;3;247;78;5,732849894477713
8;200;40;3;261;120;5,734030168091126
8;200;40;0;302;169;5,733519277876793
8;200;40;9;-1;-1;-1,0
8;200;40;8;361;258;5,733419314909861
2;200;40;5;324;119;5,733100780411643
8;200;40;5;270;105;5,733577262508732
8;200;40;0;302;169;5,733519277876793
8;200;40;5;270;105;5,733577262508732
8;200;40;6;349;159;5,733186819526742
1;200;40;3;247;78;5,732849894477713
8;200;40;7;254;64;5,733136316173138
8;200;40;9;-1;-1;-1,0
8;200;40;8;361;258;5,733419314909861
8;200;40;0;302;169;5,733519277876793
8;200;40;5;270;105;5,733577262508732
8;200;40;2;336;51;5,733618190086561
8;200;40;1;336;202;5,733552965089837
8;200;40;3;261;120;5,734030168091126
1;200;40;8;268;90;5,73288559509703
2;200;40;5;324;119;5,733100780411643
8;200;40;7;254;64;5,733136316173138
8;200;40;8;361;258;5,733419314909861
8;200;40;1;336;202;5,733552965089837
8;200;40;8;361;258;5,733419314909861
1;200;40;6;284;140;5,732886800352619
8;200;40;0;302;169;5,733519277876793
8;200;40;7;254;64;5,733136316173138
2;200;40;6;385;292;5,733180726048712
8;200;40;0;302;169;5,733519277876793
8;200;40;4;365;135;5,733820520440153
8;200;40;6;349;159;5,733186819526742
8;200;40;1;336;202;5,733552965089837
1;200;40;0;234;61;5,732791846377365
8;200;40;2;336;51;5,733618190086561
1;200;40;1;-1;-1;-1,0
8;200;40;7;254;64;5,733136316173138
2;200;40;8;-1;-1;-1,0
8;200;40;4;365;135;5,733820520440153
8;200;40;1;336;202;5,733552965089837
2;200;40;2;-1;-1;-1,0
8;200;40;1;336;202;5,733552965089837
8;200;40;1;336;202;5,733552965089837
8;200;40;9;-1;-1;-1,0
8;200;40;5;270;105;5,733577262508732
8;200;40;4;365;135;5,733820520440153
1;200;40;2;-1;-1;-1,0
8;200;40;3;261;120;5,734030168091126
2;200;40;0;297;218;5,733119900125952
2;200;40;6;385;292;5,733180726048712
2;200;40;4;257;269;5,733065841474853
8;200;40;2;336;51;5,733618190086561
8;200;40;6;349;159;5,733186819526742
8;200;40;8;361;258;5,733419314909861
8;200;40;2;336;51;5,733618190086561
8;200;40;8;361;258;5,733419314909861
8;200;40;5;270;105;5,733577262508732
8;200;40;7;254;64;5,733136316173138
8;200;40;7;254;64;5,733136316173138
2;200;40;8;-1;-1;-1,0
8;200;40;9;-1;-1;-1,0
8;200;40;9;-1;-1;-1,0
8;200;40;3;261;120;5,734030168091126
8;200;40;1;336;202;5,733552965089837
8;200;40;4;365;135;5,733820520440153
2;200;40;4;257;269;5,733065841474853
8;200;40;0;302;169;5,733519277876793
8;200;40;4;365;135;5,733820520440153
8;200;40;7;254;64;5,733136316173138
8;200;40;3;261;120;5,734030168091126
8;200;40;2;336;51;5,733618190086561
8;200;40;3;261;120;5,734030168091126
8;200;40;8;361;258;5,733419314909861
8;200;40;2;336;51;5,733618190086561
8;200;40;6;349;159;5,733186819526742
8;200;40;2;336;51;5,733618190086561
8;200;40;5;270;105;5,733577262508732
2;200;40;2;-1;-1;-1,0
8;200;40;8;361;258;5,733419314909861
2;200;40;9;-1;-1;-1,0
1;200;40;7;-1;-1;-1,0
8;200;40;6;349;159;5,733186819526742
2;200;40;1;460;142;5,7332723137704225
2;200;40;7;307;127;5,733403399387159
2;200;40;9;-1;-1;-1,0
8;200;40;9;-1;-1;-1,0
8;200;40;5;270;105;5,733577262508732
8;200;40;3;261;120;5,734030168091126
8;200;40;9;-1;-1;-1,0
8;200;40;2;336;51;5,733618190086561
2;200;40;3;257;87;5,732913055205657
2;200;40;3;257;87;5,732913055205657
8;200;40;3;261;120;5,734030168091126
8;200;40;5;270;105;5,733577262508732
1;200;40;4;-1;-1;-1,0
8;200;40;0;302;169;5,733519277876793
8;200;40;7;254;64;5,733136316173138
1;200;40;5;-1;-1;-1,0
1;200;40;9;-1;-1;-1,0
8;200;40;4;365;135;5,733820520440153
2;200;40;0;297;218;5,733119900125952
8;200;40;1;336;202;5,733552965089837
8;200;40;4;365;135;5,733820520440153
8;200;40;0;302;169;5,733519277876793
2;200;40;7;307;127;5,733403399387159
2;200;40;1;460;142;5,7332723137704225
8;200;40;6;349;159;5,733186819526742
8;200;40;6;349;159;5,733186819526742
8;200;40;9;-1;-1;-1,0
8;200;40;6;349;159;5,733186819526742
8;200;40;4;365;135;5,733820520440153
8;200;40;3;261;120;5,734030168091126
2;200;40;0;297;218;5,733119900125952
8;200;40;0;302;169;5,733519277876793
8;200;40;1;336;202;5,733552965089837
2;200;40;1;460;142;5,7332723137704225
8;200;40;6;349;159;5,733186819526742
2;200;40;7;307;127;5,733403399387159
8;200;40;9;-1;-1;-1,0
8;200;40;6;349;159;5,733186819526742
8;200;40;4;365;135;5,733820520440153
8;200;40;6;349;159;5,733186819526742
8;200;40;4;365;135;5,733820520440153
8;200;40;3;261;120;5,734030168091126
2;200;40;1;460;142;5,7332723137704225
8;200;40;6;349;159;5,733186819526742
2;200;40;7;307;127;5,733403399387159
8;200;40;3;261;120;5,734030168091126
8;200;40;5;270;105;5,733577262508732
8;200;40;9;-1;-1;-1,0
8;200;40;2;336;51;5,733618190086561
2;200;40;3;257;87;5,732913055205657
8;200;40;3;261;120;5,734030168091126
1;200;40;4;-1;-1;-1,0
8;200;40;0;302;169;5,733519277876793
1;200;40;9;-1;-1;-1,0
1;200;40;5;-1;-1;-1,0
2;200;40;9;-1;-1;-1,0
2;200;40;3;257;87;5,732913055205657
8;200;40;9;-1;-1;-1,0
8;200;40;7;254;64;5,733136316173138
1;200;40;7;-1;-1;-1,0
8;200;40;4;365;135;5,733820520440153
8;200;40;5;270;105;5,733577262508732
8;200;40;8;361;258;5,733419314909861
2;200;40;9;-1;-1;-1,0
8;200;40;6;349;159;5,733186819526742
8;200;40;8;361;258;5,733419314909861
2;200;40;2;-1;-1;-1,0
8;200;40;5;270;105;5,733577262508732
8;200;40;2;336;51;5,733618190086561
8;200;40;2;336;51;5,733618190086561
8;200;40;6;349;159;5,733186819526742
8;200;40;3;261;120;5,734030168091126
8;200;40;2;336;51;5,733618190086561
2;200;40;4;257;269;5,733065841474853
8;200;40;0;302;169;5,733519277876793
8;200;40;4;365;135;5,733820520440153
8;200;40;4;365;135;5,733820520440153
8;200;40;7;254;64;5,733136316173138
8;200;40;3;261;120;5,734030168091126
8;200;40;1;336;202;5,733552965089837
8;200;40;8;361;258;5,733419314909861
8;200;40;2;336;51;5,733618190086561
8;200;40;5;270;105;5,733577262508732
8;200;40;8;361;258;5,733419314909861
8;200;40;7;254;64;5,733136316173138
8;200;40;9;-1;-1;-1,0
2;200;40;8;-1;-1;-1,0
8;200;40;9;-1;-1;-1,0
8;200;40;7;254;64;5,733136316173138
2;200;40;0;297;218;5,733119900125952
8;200;40;1;336;202;5,733552965089837
8;200;40;3;261;120;5,734030168091126
8;200;40;4;365;135;5,733820520440153
2;200;40;2;-1;-1;-1,0
8;200;40;1;336;202;5,733552965089837
1;200;40;2;-1;-1;-1,0
8;200;40;4;365;135;5,733820520440153
2;200;40;6;385;292;5,733180726048712
8;200;40;2;336;51;5,733618190086561
8;200;40;6;349;159;5,733186819526742
8;200;40;5;270;105;5,733577262508732
8;200;40;1;336;202;5,733552965089837
2;200;40;4;257;269;5,733065841474853
8;200;40;9;-1;-1;-1,0
8;200;40;6;349;159;5,733186819526742
8;200;40;1;336;202;5,733552965089837
8;200;40;4;365;135;5,733820520440153
8;200;40;7;254;64;5,733136316173138
8;200;40;2;336;51;5,733618190086561
8;200;40;0;302;169;5,733519277876793
8;200;40;0;302;169;5,733519277876793
8;200;40;8;361;258;5,733419314909861
8;200;40;0;302;169;5,733519277876793
1;200;40;0;234;61;5,732791846377365
8;200;40;2;336;51;5,733618190086561
8;200;40;1;336;202;5,733552965089837
8;200;40;9;-1;-1;-1,0
1;200;40;8;268;90;5,73288559509703
8;200;40;5;270;105;5,733577262508732
8;200;40;8;361;258;5,733419314909861
2;200;40;5;324;119;5,733100780411643
1;200;40;1;-1;-1;-1,0
8;200;40;3;261;120;5,734030168091126
8;200;40;8;361;258;5,733419314909861
8;200;40;7;254;64;5,733136316173138
8;200;40;7;254;64;5,733136316173138
2;200;40;8;-1;-1;-1,0
2;200;40;6;385;292;5,733180726048712
1;200;40;6;284;140;5,732886800352619
8;200;40;1;336;202;5,733552965089837
8;200;40;5;270;105;5,733577262508732
8;200;40;8;361;258;5,733419314909861
8;200;40;5;270;105;5,733577262508732
2;200;40;5;324;119;5,733100780411643
8;200;40;0;302;169;5,733519277876793
8;200;40;7;254;64;5,733136316173138
1;200;40;3;247;78;5,732849894477713
8;200;40;6;349;159;5,733186819526742
8;200;40;9;-1;-1;-1,0
8;200;40;0;302;169;5,733519277876793
8;200;40;3;261;120;5,734030168091126
8;200;40;8;361;258;5,733419314909861
8;200;40;5;270;105;5,733577262508732
8;200;40;5;270;105;5,733577262508732
1;200;40;3;247;78;5,732849894477713
2;200;40;5;324;119;5,733100780411643
8;200;40;0;302;169;5,733519277876793
8;200;40;7;254;64;5,733136316173138
8;200;40;6;349;159;5,733186819526742
2;200;40;8;-1;-1;-1,0
2;200;40;6;385;292;5,733180726048712
8;200;40;7;254;64;5,733136316173138
8;200;40;5;270;105;5,733577262508732
8;200;40;7;254;64;5,733136316173138
1;200;40;1;-1;-1;-1,0
8;200;40;1;336;202;5,733552965089837
1;200;40;8;268;90;5,73288559509703
8;200;40;9;-1;-1;-1,0
8;200;40;8;361;258;5,733419314909861
8;200;40;8;361;258;5,733419314909861
1;200;40;6;284;140;5,732886800352619
2;200;40;5;324;119;5,733100780411643
2;200;40;8;-1;-1;-1,0
1;200;40;6;284;140;5,732886800352619
8;200;40;3;261;120;5,734030168091126
2;200;40;8;-1;-1;-1,0
8;200;40;0;302;169;5,733519277876793
8;200;40;0;302;169;5,733519277876793
8;200;40;8;361;258;5,733419314909861
8;200;40;2;336;51;5,733618190086561
8;200;40;2;336;51;5,733618190086561
8;200;40;0;302;169;5,733519277876793
8;200;40;1;336;202;5,733552965089837
1;200;40;0;234;61;5,732791846377365
8;200;40;1;336;202;5,733552965089837
8;200;40;4;365;135;5,733820520440153
8;200;40;6;349;159;5,733186819526742
8;200;40;7;254;64;5,733136316173138
8;200;40;1;336;202;5,733552965089837
8;200;40;3;261;120;5,734030168091126
2;200;40;2;-1;-1;-1,0
8;200;40;1;336;202;5,733552965089837
1;200;40;2;-1;-1;-1,0
2;200;40;6;385;292;5,733180726048712
8;200;40;5;270;105;5,733577262508732
8;200;40;2;336;51;5,733618190086561
8;200;40;1;336;202;5,733552965089837
2;200;40;4;257;269;5,733065841474853
8;200;40;4;365;135;5,733820520440153
8;200;40;6;349;159;5,733186819526742
8;200;40;9;-1;-1;-1,0
8;200;40;4;365;135;5,733820520440153
8;200;40;7;254;64;5,733136316173138
8;200;40;8;361;258;5,733419314909861
8;200;40;9;-1;-1;-1,0
2;200;40;8;-1;-1;-1,0
8;200;40;7;254;64;5,733136316173138
2;200;40;0;297;218;5,733119900125952
8;200;40;9;-1;-1;-1,0
8;200;40;3;261;120;5,734030168091126
8;200;40;3;261;120;5,734030168091126
8;200;40;4;365;135;5,733820520440153
8;200;40;2;336;51;5,733618190086561
8;200;40;0;302;169;5,733519277876793
8;200;40;5;270;105;5,733577262508732
8;200;40;2;336;51;5,733618190086561
8;200;40;7;254;64;5,733136316173138
8;200;40;4;365;135;5,733820520440153
8;200;40;1;336;202;5,733552965089837
8;200;40;8;361;258;5,733419314909861
2;200;40;4;257;269;5,733065841474853
8;200;40;6;349;159;5,733186819526742
8;200;40;8;361;258;5,733419314909861
8;200;40;2;336;51;5,733618190086561
2;200;40;9;-1;-1;-1,0
2;200;40;2;-1;-1;-1,0
8;200;40;5;270;105;5,733577262508732
8;200;40;8;361;258;5,733419314909861
8;200;40;6;349;159;5,733186819526742
8;200;40;2;336;51;5,733618190086561
8;200;40;1;336;202;5,733552965089837
2;200;40;1;460;142;5,7332723137704225
8;200;40;6;349;159;5,733186819526742
8;200;40;0;302;169;5,733519277876793
2;200;40;7;307;127;5,733403399387159
8;200;40;9;-1;-1;-1,0
2;200;40;0;297;218;5,733119900125952
8;200;40;3;261;120;5,734030168091126
8;200;40;4;365;135;5,733820520440153
2;200;40;1;460;142;5,7332723137704225
8;200;40;6;349;159;5,733186819526742
8;200;40;3;261;120;5,734030168091126
2;200;40;3;257;87;5,732913055205657
8;200;40;5;270;105;5,733577262508732
8;200;40;3;261;120;5,734030168091126
8;200;40;2;336;51;5,733618190086561
1;200;40;4;-1;-1;-1,0
8;200;40;7;254;64;5,733136316173138
1;200;40;5;-1;-1;-1,0
1;200;40;9;-1;-1;-1,0
2;200;40;3;257;87;5,732913055205657
1;200;40;7;-1;-1;-1,0
8;200;40;9;-1;-1;-1,0
8;200;40;4;365;135;5,733820520440153
8;200;40;5;270;105;5,733577262508732
8;200;40;6;349;159;5,733186819526742
2;200;40;7;307;127;5,733403399387159
8;200;40;4;365;135;5,733820520440153
8;200;40;5;270;105;5,733577262508732
2;200;40;9;-1;-1;-1,0
8;200;40;0;302;169;5,733519277876793
8;200;40;9;-1;-1;-1,0
8;200;40;9;-1;-1;-1,0
2;200;40;7;307;127;5,733403399387159
8;200;40;6;349;159;5,733186819526742
8;200;40;5;270;105;5,733577262508732
8;200;40;0;302;169;5,733519277876793
8;200;40;4;365;135;5,733820520440153
2;200;40;9;-1;-1;-1,0
8;200;40;4;365;135;5,733820520440153
2;200;40;3;257;87;5,732913055205657
8;200;40;9;-1;-1;-1,0
1;200;40;7;-1;-1;-1,0
8;200;40;3;261;120;5,734030168091126
8;200;40;3;261;120;5,734030168091126
2;200;40;7;307;127;5,733403399387159
8;200;40;6;349;159;5,733186819526742
8;200;40;9;-1;-1;-1,0
8;200;40;5;270;105;5,733577262508732
2;200;40;1;460;142;5,7332723137704225
8;200;40;3;261;120;5,734030168091126
1;200;40;9;-1;-1;-1,0
1;200;40;4;-1;-1;-1,0
8;200;40;7;254;64;5,733136316173138
1;200;40;5;-1;-1;-1,0
8;200;40;2;336;51;5,733618190086561
8;200;40;4;365;135;5,733820520440153
2;200;40;3;257;87;5,732913055205657
2;200;40;0;297;218;5,733119900125952
2;200;40;1;460;142;5,7332723137704225
8;200;40;1;336;202;5,733552965089837
8;200;40;6;349;159;5,733186819526742
8;200;40;0;302;169;5,733519277876793
8;200;40;6;349;159;5,733186819526742
8;200;40;8;361;258;5,733419314909861
8;200;40;2;336;51;5,733618190086561
8;200;40;5;270;105;5,733577262508732
8;200;40;2;336;51;5,733618190086561
2;200;40;9;-1;-1;-1,0
2;200;40;2;-1;-1;-1,0
8;200;40;6;349;159;5,733186819526742
8;200;40;8;361;258;5,733419314909861
8;200;40;4;365;135;5,733820520440153
8;200;40;1;336;202;5,733552965089837
8;200;40;8;361;258;5,733419314909861
8;200;40;7;254;64;5,733136316173138
2;200;40;4;257;269;5,733065841474853
8;200;40;0;302;169;5,733519277876793
8;200;40;5;270;105;5,733577262508732
8;200;40;2;336;51;5,733618190086561
8;200;40;2;336;51;5,733618190086561
8;200;40;9;-1;-1;-1,0
2;200;40;0;297;218;5,733119900125952
8;200;40;3;261;120;5,734030168091126
8;200;40;3;261;120;5,734030168091126
8;200;40;4;365;135;5,733820520440153
8;200;40;8;361;258;5,733419314909861
8;200;40;7;254;64;5,733136316173138
8;200;40;9;-1;-1;-1,0
2;200;40;8;-1;-1;-1,0
8;200;40;7;254;64;5,733136316173138
2;200;40;6;385;292;5,733180726048712
8;200;40;1;336;202;5,733552965089837
8;200;40;1;336;202;5,733552965089837
8;200;40;2;336;51;5,733618190086561
1;200;40;2;-1;-1;-1,0
8;200;40;7;254;64;5,733136316173138
8;200;40;4;365;135;5,733820520440153
2;200;40;2;-1;-1;-1,0
8;200;40;3;261;120;5,734030168091126
8;200;40;5;270;105;5,733577262508732
8;200;40;6;349;159;5,733186819526742
8;200;40;9;-1;-1;-1,0
8;200;40;1;336;202;5,733552965089837
8;200;40;4;365;135;5,733820520440153
8;200;40;4;365;135;5,733820520440153
8;200;40;1;336;202;5,733552965089837
2;200;40;4;257;269;5,733065841474853
8;200;40;6;349;159;5,733186819526742
8;200;40;4;365;135;5,733820520440153
8;200;40;8;361;258;5,733419314909861
8;200;40;0;302;169;5,733519277876793
8;200;40;2;336;51;5,733618190086561
8;200;40;1;336;202;5,733552965089837
1;200;40;0;234;61;5,732791846377365
8;200;40;0;302;169;5,733519277876793
8;200;40;0;302;169;5,733519277876793
8;200;40;2;336;51;5,733618190086561
2;200;40;8;-1;-1;-1,0
8;200;40;3;261;120;5,734030168091126
2;200;40;5;324;119;5,733100780411643
1;200;40;6;284;140;5,732886800352619
8;200;40;8;361;258;5,733419314909861
8;200;40;8;361;258;5,733419314909861
8;200;40;1;336;202;5,733552965089837
8;200;40;9;-1;-1;-1,0
2;200;40;6;385;292;5,733180726048712
8;200;40;5;270;105;5,733577262508732
8;200;40;7;254;64;5,733136316173138
8;200;40;7;254;64;5,733136316173138
1;200;40;1;-1;-1;-1,0
1;200;40;8;268;90;5,73288559509703
8;200;40;5;270;105;5,733577262508732
8;200;40;0;302;169;5,733519277876793
2;200;40;5;324;119;5,733100780411643
1;200;40;3;247;78;5,732849894477713
8;200;40;5;270;105;5,733577262508732
8;200;40;7;254;64;5,733136316173138
8;200;40;6;349;159;5,733186819526742
8;200;40;8;361;258;5,733419314909861
8;200;40;5;270;105;5,733577262508732
8;200;40;5;270;105;5,733577262508732
8;200;40;3;261;120;5,734030168091126
8;200;40;9;-1;-1;-1,0
8;200;40;0;302;169;5,733519277876793
8;200;40;0;302;169;5,733519277876793
8;200;40;3;261;120;5,734030168091126
8;200;40;9;-1;-1;-1,0
8;200;40;5;270;105;5,733577262508732
8;200;40;8;361;258;5,733419314909861
8;200;40;5;270;105;5,733577262508732
8;200;40;6;349;159;5,733186819526742
8;200;40;5;270;105;5,733577262508732
8;200;40;7;254;64;5,733136316173138
2;200;40;5;324;119;5,733100780411643
8;200;40;0;302;169;5,733519277876793
1;200;40;3;247;78;5,732849894477713
8;200;40;7;254;64;5,733136316173138
8;200;40;8;361;258;5,733419314909861
8;200;40;9;-1;-1;-1,0
8;200;40;8;361;258;5,733419314909861
8;200;40;1;336;202;5,733552965089837
2;200;40;6;385;292;5,733180726048712
1;200;40;8;268;90;5,73288559509703
8;200;40;7;254;64;5,733136316173138
1;200;40;1;-1;-1;-1,0
1;200;40;0;234;61;5,732791846377365
8;200;40;2;336;51;5,733618190086561
8;200;40;1;336;202;5,733552965089837
8;200;40;0;302;169;5,733519277876793
2;200;40;5;324;119;5,733100780411643
8;200;40;3;261;120;5,734030168091126
8;200;40;0;302;169;5,733519277876793
2;200;40;8;-1;-1;-1,0
1;200;40;6;284;140;5,732886800352619
8;200;40;2;336;51;5,733618190086561
8;200;40;8;361;258;5,733419314909861
8;200;40;0;302;169;5,733519277876793
8;200;40;4;365;135;5,733820520440153
8;200;40;4;365;135;5,733820520440153
8;200;40;4;365;135;5,733820520440153
2;200;40;4;257;269;5,733065841474853
2;200;40;6;385;292;5,733180726048712
8;200;40;2;336;51;5,733618190086561
1;200;40;2;-1;-1;-1,0
8;200;40;3;261;120;5,734030168091126
8;200;40;1;336;202;5,733552965089837
8;200;40;6;349;159;5,733186819526742
8;200;40;1;336;202;5,733552965089837
8;200;40;9;-1;-1;-1,0
8;200;40;6;349;159;5,733186819526742
2;200;40;2;-1;-1;-1,0
8;200;40;7;254;64;5,733136316173138
8;200;40;1;336;202;5,733552965089837
8;200;40;1;336;202;5,733552965089837
8;200;40;5;270;105;5,733577262508732
8;200;40;9;-1;-1;-1,0
2;200;40;8;-1;-1;-1,0
8;200;40;7;254;64;5,733136316173138
8;200;40;4;365;135;5,733820520440153
8;200;40;8;361;258;5,733419314909861
8;200;40;7;254;64;5,733136316173138
8;200;40;3;261;120;5,734030168091126
8;200;40;5;270;105;5,733577262508732
8;200;40;4;365;135;5,733820520440153
2;200;40;4;257;269;5,733065841474853
8;200;40;8;361;258;5,733419314909861
8;200;40;7;254;64;5,733136316173138
8;200;40;1;336;202;5,733552965089837
8;200;40;2;336;51;5,733618190086561
8;200;40;9;-1;-1;-1,0
8;200;40;0;302;169;5,733519277876793
8;200;40;2;336;51;5,733618190086561
2;200;40;0;297;218;5,733119900125952
8;200;40;3;261;120;5,734030168091126
8;200;40;6;349;159;5,733186819526742
8;200;40;8;361;258;5,733419314909861
8;200;40;6;349;159;5,733186819526742
8;200;40;8;361;258;5,733419314909861
8;200;40;2;336;51;5,733618190086561
2;200;40;9;-1;-1;-1,0
8;200;40;5;270;105;5,733577262508732
2;200;40;2;-1;-1;-1,0
8;200;40;2;336;51;5,733618190086561
8;200;40;6;349;159;5,733186819526742
2;200;40;7;307;127;5,733403399387159
2;200;40;1;460;142;5,7332723137704225
8;200;40;4;365;135;5,733820520440153
1;200;40;5;-1;-1;-1,0
8;200;40;5;270;105;5,733577262508732
1;200;40;4;-1;-1;-1,0
8;200;40;1;336;202;5,733552965089837
1;200;40;9;-1;-1;-1,0
8;200;40;3;261;120;5,734030168091126
8;200;40;6;349;159;5,733186819526742
8;200;40;7;254;64;5,733136316173138
8;200;40;9;-1;-1;-1,0
2;200;40;1;460;142;5,7332723137704225
2;200;40;3;257;87;5,732913055205657
2;200;40;0;297;218;5,733119900125952
8;200;40;2;336;51;5,733618190086561
8;200;40;0;302;169;5,733519277876793
1;200;40;7;-1;-1;-1,0
8;200;40;3;261;120;5,734030168091126
8;200;40;3;261;120;5,734030168091126
8;200;40;9;-1;-1;-1,0
8;200;40;3;261;120;5,734030168091126
8;200;40;0;302;169;5,733519277876793
8;200;40;9;-1;-1;-1,0
8;200;40;6;349;159;5,733186819526742
2;200;40;9;-1;-1;-1,0
2;200;40;3;257;87;5,732913055205657
2;200;40;7;307;127;5,733403399387159
8;200;40;4;365;135;5,733820520440153
8;200;40;5;270;105;5,733577262508732
8;200;40;4;365;135;5,733820520440153
8;200;40;4;365;135;5,733820520440153
8;200;40;5;270;105;5,733577262508732
8;200;40;4;365;135;5,733820520440153
2;200;40;7;307;127;5,733403399387159
8;200;40;9;-1;-1;-1,0
8;200;40;6;349;159;5,733186819526742
8;200;40;0;302;169;5,733519277876793
2;200;40;3;257;87;5,732913055205657
2;200;40;9;-1;-1;-1,0
8;200;40;9;-1;-1;-1,0
8;200;40;3;261;120;5,734030168091126
8;200;40;9;-1;-1;-1,0
2;200;40;3;257;87;5,732913055205657
8;200;40;2;336;51;5,733618190086561
8;200;40;0;302;169;5,733519277876793
2;200;40;0;297;218;5,733119900125952
2;200;40;1;460;142;5,7332723137704225
1;200;40;7;-1;-1;-1,0
8;200;40;3;261;120;5,734030168091126
8;200;40;4;365;135;5,733820520440153
2;200;40;1;460;142;5,7332723137704225
8;200;40;6;349;159;5,733186819526742
8;200;40;5;270;105;5,733577262508732
8;200;40;1;336;202;5,733552965089837
1;200;40;9;-1;-1;-1,0
8;200;40;7;254;64;5,733136316173138
8;200;40;3;261;120;5,734030168091126
8;200;40;6;349;159;5,733186819526742
2;200;40;7;307;127;5,733403399387159
1;200;40;4;-1;-1;-1,0
1;200;40;5;-1;-1;-1,0
8;200;40;3;261;120;5,734030168091126
8;200;40;8;361;258;5,733419314909861
2;200;40;2;-1;-1;-1,0
8;200;40;5;270;105;5,733577262508732
8;200;40;6;349;159;5,733186819526742
8;200;40;2;336;51;5,733618190086561
8;200;40;2;336;51;5,733618190086561
2;200;40;9;-1;-1;-1,0
8;200;40;8;361;258;5,733419314909861
8;200;40;6;349;159;5,733186819526742
2;200;40;9;-1;-1;-1,0
2;200;40;0;297;218;5,733119900125952
8;200;40;3;261;120;5,734030168091126
8;200;40;5;270;105;5,733577262508732
8;200;40;4;365;135;5,733820520440153
2;200;40;4;257;269;5,733065841474853
8;200;40;8;361;258;5,733419314909861
8;200;40;1;336;202;5,733552965089837
8;200;40;7;254;64;5,733136316173138
8;200;40;2;336;51;5,733618190086561
8;200;40;2;336;51;5,733618190086561
8;200;40;0;302;169;5,733519277876793
8;200;40;7;254;64;5,733136316173138
8;200;40;9;-1;-1;-1,0
8;200;40;9;-1;-1;-1,0
8;200;40;8;361;258;5,733419314909861
8;200;40;4;365;135;5,733820520440153
8;200;40;7;254;64;5,733136316173138
2;200;40;8;-1;-1;-1,0
8;200;40;3;261;120;5,734030168091126
8;200;40;1;336;202;5,733552965089837
8;200;40;1;336;202;5,733552965089837
8;200;40;5;270;105;5,733577262508732
8;200;40;4;365;135;5,733820520440153
8;200;40;1;336;202;5,733552965089837
8;200;40;3;261;120;5,734030168091126
8;200;40;2;336;51;5,733618190086561
1;200;40;2;-1;-1;-1,0
2;200;40;6;385;292;5,733180726048712
2;200;40;4;257;269;5,733065841474853
8;200;40;6;349;159;5,733186819526742
8;200;40;7;254;64;5,733136316173138
2;200;40;2;-1;-1;-1,0
8;200;40;4;365;135;5,733820520440153
8;200;40;6;349;159;5,733186819526742
8;200;40;1;336;202;5,733552965089837
8;200;40;9;-1;-1;-1,0
8;200;40;8;361;258;5,733419314909861
8;200;40;2;336;51;5,733618190086561
8;200;40;2;336;51;5,733618190086561
2;200;40;5;324;119;5,733100780411643
8;200;40;3;261;120;5,734030168091126
8;200;40;1;336;202;5,733552965089837
8;200;40;0;302;169;5,733519277876793
1;200;40;6;284;140;5,732886800352619
8;200;40;0;302;169;5,733519277876793
2;200;40;8;-1;-1;-1,0
8;200;40;4;365;135;5,733820520440153
8;200;40;0;302;169;5,733519277876793
1;200;40;0;234;61;5,732791846377365
8;200;40;1;336;202;5,733552965089837
2;200;40;6;385;292;5,733180726048712
8;200;40;7;254;64;5,733136316173138
1;200;40;8;268;90;5,73288559509703
1;200;40;1;-1;-1;-1,0
8;200;40;8;361;258;5,733419314909861
8;200;40;9;-1;-1;-1,0
8;200;40;7;254;64;5,733136316173138
8;200;40;8;361;258;5,733419314909861
8;200;40;5;270;105;5,733577262508732
1;200;40;3;247;78;5,732849894477713
8;200;40;7;254;64;5,733136316173138
2;200;40;5;324;119;5,733100780411643
8;200;40;0;302;169;5,733519277876793
8;200;40;6;349;159;5,733186819526742
8;200;40;8;361;258;5,733419314909861
8;200;40;5;270;105;5,733577262508732
8;200;40;5;270;105;5,733577262508732
8;200;40;9;-1;-1;-1,0
8;200;40;3;261;120;5,734030168091126
8;200;40;0;302;169;5,733519277876793
8;200;40;0;302;169;5,733519277876793
8;200;40;3;261;120;5,734030168091126
8;200;40;9;-1;-1;-1,0
8;200;40;5;270;105;5,733577262508732
1;200;40;3;247;78;5,732849894477713
8;200;40;6;349;159;5,733186819526742
8;200;40;8;361;258;5,733419314909861
8;200;40;7;254;64;5,733136316173138
2;200;40;5;324;119;5,733100780411643
8;200;40;0;302;169;5,733519277876793
8;200;40;5;270;105;5,733577262508732
8;200;40;5;270;105;5,733577262508732
2;200;40;6;385;292;5,733180726048712
8;200;40;7;254;64;5,733136316173138
1;200;40;8;268;90;5,73288559509703
8;200;40;9;-1;-1;-1,0
1;200;40;1;-1;-1;-1,0
8;200;40;8;361;258;5,733419314909861
8;200;40;7;254;64;5,733136316173138
8;200;40;8;361;258;5,733419314909861
1;200;40;0;234;61;5,732791846377365
8;200;40;1;336;202;5,733552965089837
8;200;40;0;302;169;5,733519277876793
8;200;40;2;336;51;5,733618190086561
8;200;40;3;261;120;5,734030168091126
1;200;40;6;284;140;5,732886800352619
8;200;40;0;302;169;5,733519277876793
8;200;40;2;336;51;5,733618190086561
2;200;40;5;324;119;5,733100780411643
8;200;40;1;336;202;5,733552965089837
8;200;40;4;365;135;5,733820520440153
2;200;40;8;-1;-1;-1,0
8;200;40;0;302;169;5,733519277876793
8;200;40;7;254;64;5,733136316173138
2;200;40;8;-1;-1;-1,0
8;200;40;3;261;120;5,734030168091126
8;200;40;1;336;202;5,733552965089837
8;200;40;3;261;120;5,734030168091126
8;200;40;2;336;51;5,733618190086561
1;200;40;2;-1;-1;-1,0
2;200;40;6;385;292;5,733180726048712
8;200;40;1;336;202;5,733552965089837
2;200;40;4;257;269;5,733065841474853
8;200;40;5;270;105;5,733577262508732
8;200;40;6;349;159;5,733186819526742
8;200;40;4;365;135;5,733820520440153
8;200;40;1;336;202;5,733552965089837
2;200;40;2;-1;-1;-1,0
8;200;40;7;254;64;5,733136316173138
8;200;40;6;349;159;5,733186819526742
8;200;40;1;336;202;5,733552965089837
8;200;40;7;254;64;5,733136316173138
8;200;40;8;361;258;5,733419314909861
8;200;40;9;-1;-1;-1,0
8;200;40;4;365;135;5,733820520440153
8;200;40;9;-1;-1;-1,0
8;200;40;8;361;258;5,733419314909861
8;200;40;9;-1;-1;-1,0
8;200;40;4;365;135;5,733820520440153
8;200;40;4;365;135;5,733820520440153
8;200;40;0;302;169;5,733519277876793
8;200;40;2;336;51;5,733618190086561
8;200;40;5;270;105;5,733577262508732
2;200;40;0;297;218;5,733119900125952
2;200;40;9;-1;-1;-1,0
8;200;40;4;365;135;5,733820520440153
2;200;40;4;257;269;5,733065841474853
8;200;40;8;361;258;5,733419314909861
8;200;40;1;336;202;5,733552965089837
2;200;40;4;257;269;5,733065841474853
8;200;40;4;365;135;5,733820520440153
8;200;40;3;261;120;5,734030168091126
8;200;40;2;336;51;5,733618190086561
8;200;40;7;254;64;5,733136316173138
8;200;40;6;349;159;5,733186819526742
8;200;40;2;336;51;5,733618190086561
8;200;40;6;349;159;5,733186819526742
8;200;40;2;336;51;5,733618190086561
2;200;40;2;-1;-1;-1,0
8;200;40;8;361;258;5,733419314909861
8;200;40;8;361;258;5,733419314909861
8;200;40;5;270;105;5,733577262508732
2;200;40;7;307;127;5,733403399387159
1;200;40;7;-1;-1;-1,0
2;200;40;1;460;142;5,7332723137704225
8;200;40;7;254;64;5,733136316173138
1;200;40;9;-1;-1;-1,0
8;200;40;3;261;120;5,734030168091126
8;200;40;4;365;135;5,733820520440153
1;200;40;4;-1;-1;-1,0
8;200;40;6;349;159;5,733186819526742
1;200;40;5;-1;-1;-1,0
8;200;40;3;261;120;5,734030168091126
8;200;40;5;270;105;5,733577262508732
8;200;40;6;349;159;5,733186819526742
8;200;40;1;336;202;5,733552965089837
8;200;40;3;261;120;5,734030168091126
8;200;40;5;270;105;5,733577262508732
8;200;40;4;365;135;5,733820520440153
8;200;40;5;270;105;5,733577262508732
8;200;40;4;365;135;5,733820520440153
2;200;40;1;460;142;5,7332723137704225
8;200;40;9;-1;-1;-1,0
2;200;40;7;307;127;5,733403399387159
8;200;40;9;-1;-1;-1,0
8;200;40;6;349;159;5,733186819526742
2;200;40;9;-1;-1;-1,0
8;200;40;0;302;169;5,733519277876793
8;200;40;9;-1;-1;-1,0
2;200;40;3;257;87;5,732913055205657
2;200;40;3;257;87;5,732913055205657
8;200;40;2;336;51;5,733618190086561
8;200;40;0;302;169;5,733519277876793
2;200;40;0;297;218;5,733119900125952
2;200;40;3;257;87;5,732913055205657
2;200;40;3;257;87;5,732913055205657
8;200;40;9;-1;-1;-1,0
8;200;40;9;-1;-1;-1,0
8;200;40;6;349;159;5,733186819526742
8;200;40;0;302;169;5,733519277876793
2;200;40;9;-1;-1;-1,0
2;200;40;7;307;127;5,733403399387159
8;200;40;9;-1;-1;-1,0
2;200;40;1;460;142;5,7332723137704225
8;200;40;3;261;120;5,734030168091126
8;200;40;5;270;105;5,733577262508732
8;200;40;5;270;105;5,733577262508732
8;200;40;4;365;135;5,733820520440153
8;200;40;4;365;135;5,733820520440153
8;200;40;3;261;120;5,734030168091126
8;200;40;1;336;202;5,733552965089837
8;200;40;6;349;159;5,733186819526742
1;200;40;5;-1;-1;-1,0
8;200;40;2;336;51;5,733618190086561
8;200;40;6;349;159;5,733186819526742
8;200;40;8;361;258;5,733419314909861
8;200;40;8;361;258;5,733419314909861
2;200;40;7;307;127;5,733403399387159
2;200;40;1;460;142;5,7332723137704225
8;200;40;7;254;64;5,733136316173138
1;200;40;9;-1;-1;-1,0
1;200;40;4;-1;-1;-1,0
8;200;40;4;365;135;5,733820520440153
2;200;40;2;-1;-1;-1,0
1;200;40;7;-1;-1;-1,0
8;200;40;3;261;120;5,734030168091126
8;200;40;5;270;105;5,733577262508732
8;200;40;2;336;51;5,733618190086561
8;200;40;6;349;159;5,733186819526742
8;200;40;6;349;159;5,733186819526742
8;200;40;7;254;64;5,733136316173138
2;200;40;4;257;269;5,733065841474853
8;200;40;2;336;51;5,733618190086561
8;200;40;4;365;135;5,733820520440153
8;200;40;3;261;120;5,734030168091126
8;200;40;1;336;202;5,733552965089837
8;200;40;8;361;258;5,733419314909861
8;200;40;1;336;202;5,733552965089837
2;200;40;9;-1;-1;-1,0
2;200;40;0;297;218;5,733119900125952
8;200;40;5;270;105;5,733577262508732
8;200;40;0;302;169;5,733519277876793
8;200;40;2;336;51;5,733618190086561
8;200;40;4;365;135;5,733820520440153
8;200;40;8;361;258;5,733419314909861
8;200;40;9;-1;-1;-1,0
8;200;40;9;-1;-1;-1,0
8;200;40;9;-1;-1;-1,0
8;200;40;7;254;64;5,733136316173138
8;200;40;4;365;135;5,733820520440153
8;200;40;8;361;258;5,733419314909861
8;200;40;1;336;202;5,733552965089837
2;200;40;6;385;292;5,733180726048712
8;200;40;5;270;105;5,733577262508732
8;200;40;7;254;64;5,733136316173138
8;200;40;1;336;202;5,733552965089837
2;200;40;4;257;269;5,733065841474853
8;200;40;6;349;159;5,733186819526742
8;200;40;1;336;202;5,733552965089837
8;200;40;6;349;159;5,733186819526742
8;200;40;4;365;135;5,733820520440153
2;200;40;2;-1;-1;-1,0
8;200;40;4;365;135;5,733820520440153
2;200;40;8;-1;-1;-1,0
8;200;40;7;254;64;5,733136316173138
8;200;40;2;336;51;5,733618190086561
8;200;40;1;336;202;5,733552965089837
8;200;40;3;261;120;5,734030168091126
2;200;40;8;-1;-1;-1,0
2;200;40;5;324;119;5,733100780411643
8;200;40;3;261;120;5,734030168091126
8;200;40;0;302;169;5,733519277876793
8;200;40;2;336;51;5,733618190086561
1;200;40;2;-1;-1;-1,0
8;200;40;0;302;169;5,733519277876793
8;200;40;1;336;202;5,733552965089837
1;200;40;0;234;61;5,732791846377365
8;200;40;1;336;202;5,733552965089837
8;200;40;3;261;120;5,734030168091126
2;200;40;5;324;119;5,733100780411643
8;200;40;8;361;258;5,733419314909861
8;200;40;0;302;169;5,733519277876793
1;200;40;6;284;140;5,732886800352619
8;200;40;2;336;51;5,733618190086561
8;200;40;8;361;258;5,733419314909861
8;200;40;3;261;120;5,734030168091126
8;200;40;7;254;64;5,733136316173138
8;200;40;8;361;258;5,733419314909861
1;200;40;1;-1;-1;-1,0
8;200;40;9;-1;-1;-1,0
2;200;40;6;385;292;5,733180726048712
1;200;40;8;268;90;5,73288559509703
8;200;40;7;254;64;5,733136316173138
8;200;40;5;270;105;5,733577262508732
8;200;40;5;270;105;5,733577262508732
8;200;40;0;302;169;5,733519277876793
8;200;40;7;254;64;5,733136316173138
1;200;40;3;247;78;5,732849894477713
8;200;40;5;270;105;5,733577262508732
8;200;40;6;349;159;5,733186819526742
8;200;40;8;361;258;5,733419314909861
2;200;40;5;324;119;5,733100780411643
8;200;40;9;-1;-1;-1,0
8;200;40;3;261;120;5,734030168091126
8;200;40;0;302;169;5,733519277876793
8;200;40;9;-1;-1;-1,0
8;200;40;3;261;120;5,734030168091126
8;200;40;0;302;169;5,733519277876793
2;200;40;5;324;119;5,733100780411643
8;200;40;5;270;105;5,733577262508732
1;200;40;3;247;78;5,732849894477713
8;200;40;8;361;258;5,733419314909861
8;200;40;0;302;169;5,733519277876793
8;200;40;7;254;64;5,733136316173138
8;200;40;6;349;159;5,733186819526742
8;200;40;5;270;105;5,733577262508732
8;200;40;5;270;105;5,733577262508732
8;200;40;5;270;105;5,733577262508732
8;200;40;7;254;64;5,733136316173138
8;200;40;8;361;258;5,733419314909861
1;200;40;1;-1;-1;-1,0
1;200;40;8;268;90;5,73288559509703
8;200;40;9;-1;-1;-1,0
8;200;40;7;254;64;5,733136316173138
2;200;40;6;385;292;5,733180726048712
8;200;40;8;361;258;5,733419314909861
8;200;40;3;261;120;5,734030168091126
8;200;40;2;336;51;5,733618190086561
1;200;40;6;284;140;5,732886800352619
8;200;40;1;336;202;5,733552965089837
8;200;40;1;336;202;5,733552965089837
8;200;40;0;302;169;5,733519277876793
2;200;40;5;324;119;5,733100780411643
1;200;40;0;234;61;5,732791846377365
8;200;40;3;261;120;5,734030168091126
8;200;40;2;336;51;5,733618190086561
8;200;40;1;336;202;5,733552965089837
2;200;40;8;-1;-1;-1,0
8;200;40;7;254;64;5,733136316173138
8;200;40;3;261;120;5,734030168091126
8;200;40;2;336;51;5,733618190086561
8;200;40;0;302;169;5,733519277876793
8;200;40;0;302;169;5,733519277876793
1;200;40;2;-1;-1;-1,0
8;200;40;6;349;159;5,733186819526742
8;200;40;1;336;202;5,733552965089837
8;200;40;4;365;135;5,733820520440153
2;200;40;8;-1;-1;-1,0
8;200;40;4;365;135;5,733820520440153
2;200;40;2;-1;-1;-1,0
8;200;40;7;254;64;5,733136316173138
8;200;40;1;336;202;5,733552965089837
2;200;40;4;257;269;5,733065841474853
8;200;40;6;349;159;5,733186819526742
8;200;40;1;336;202;5,733552965089837
8;200;40;5;270;105;5,733577262508732
2;200;40;6;385;292;5,733180726048712
8;200;40;9;-1;-1;-1,0
8;200;40;9;-1;-1;-1,0
8;200;40;7;254;64;5,733136316173138
8;200;40;4;365;135;5,733820520440153
8;200;40;9;-1;-1;-1,0
8;200;40;8;361;258;5,733419314909861
8;200;40;0;302;169;5,733519277876793
8;200;40;2;336;51;5,733618190086561
8;200;40;8;361;258;5,733419314909861
8;200;40;4;365;135;5,733820520440153
8;200;40;8;361;258;5,733419314909861
2;200;40;0;297;218;5,733119900125952
2;200;40;9;-1;-1;-1,0
8;200;40;1;336;202;5,733552965089837
8;200;40;5;270;105;5,733577262508732
2;200;40;4;257;269;5,733065841474853
8;200;40;7;254;64;5,733136316173138
8;200;40;5;270;105;5,733577262508732
1;200;40;7;-1;-1;-1,0
8;200;40;2;336;51;5,733618190086561
8;200;40;7;254;64;5,733136316173138
8;200;40;3;261;120;5,734030168091126
1;200;40;4;-1;-1;-1,0
8;200;40;4;365;135;5,733820520440153
2;200;40;1;460;142;5,7332723137704225
2;200;40;2;-1;-1;-1,0
8;200;40;3;261;120;5,734030168091126
8;200;40;6;349;159;5,733186819526742
8;200;40;6;349;159;5,733186819526742
8;200;40;4;365;135;5,733820520440153
1;200;40;9;-1;-1;-1,0
8;200;40;2;336;51;5,733618190086561
2;200;40;7;307;127;5,733403399387159
2;200;40;1;460;142;5,7332723137704225
8;200;40;3;261;120;5,734030168091126
8;200;40;5;270;105;5,733577262508732
8;200;40;4;365;135;5,733820520440153
8;200;40;3;261;120;5,734030168091126
8;200;40;6;349;159;5,733186819526742
8;200;40;2;336;51;5,733618190086561
8;200;40;8;361;258;5,733419314909861
8;200;40;8;361;258;5,733419314909861
8;200;40;4;365;135;5,733820520440153
8;200;40;5;270;105;5,733577262508732
8;200;40;1;336;202;5,733552965089837
1;200;40;5;-1;-1;-1,0
8;200;40;6;349;159;5,733186819526742
2;200;40;7;307;127;5,733403399387159
8;200;40;9;-1;-1;-1,0
8;200;40;9;-1;-1;-1,0
8;200;40;6;349;159;5,733186819526742
8;200;40;0;302;169;5,733519277876793
2;200;40;9;-1;-1;-1,0
8;200;40;9;-1;-1;-1,0
8;200;40;0;302;169;5,733519277876793
8;200;40;2;336;51;5,733618190086561
2;200;40;3;257;87;5,732913055205657
2;200;40;3;257;87;5,732913055205657
2;200;40;0;297;218;5,733119900125952
8;200;40;6;349;159;5,733186819526742
8;200;40;9;-1;-1;-1,0
1;200;40;5;-1;-1;-1,0
8;200;40;1;336;202;5,733552965089837
8;200;40;9;-1;-1;-1,0
2;200;40;7;307;127;5,733403399387159
8;200;40;4;365;135;5,733820520440153
8;200;40;5;270;105;5,733577262508732
8;200;40;4;365;135;5,733820520440153
2;200;40;1;460;142;5,7332723137704225
1;200;40;4;-1;-1;-1,0
8;200;40;6;349;159;5,733186819526742
1;200;40;9;-1;-1;-1,0
8;200;40;5;270;105;5,733577262508732
8;200;40;3;261;120;5,734030168091126
2;200;40;1;460;142;5,7332723137704225
8;200;40;6;349;159;5,733186819526742
8;200;40;3;261;120;5,734030168091126
8;200;40;2;336;51;5,733618190086561
8;200;40;8;361;258;5,733419314909861
8;200;40;8;361;258;5,733419314909861
8;200;40;2;336;51;5,733618190086561
2;200;40;2;-1;-1;-1,0
8;200;40;3;261;120;5,734030168091126
8;200;40;4;365;135;5,733820520440153
8;200;40;6;349;159;5,733186819526742
2;200;40;7;307;127;5,733403399387159
8;200;40;4;365;135;5,733820520440153
1;200;40;7;-1;-1;-1,0
2;200;40;4;257;269;5,733065841474853
8;200;40;7;254;64;5,733136316173138
8;200;40;5;270;105;5,733577262508732
8;200;40;2;336;51;5,733618190086561
8;200;40;3;261;120;5,734030168091126
8;200;40;7;254;64;5,733136316173138
2;200;40;0;297;218;5,733119900125952
8;200;40;1;336;202;5,733552965089837
8;200;40;8;361;258;5,733419314909861
2;200;40;9;-1;-1;-1,0
8;200;40;5;270;105;5,733577262508732
8;200;40;2;336;51;5,733618190086561
8;200;40;2;336;51;5,733618190086561
8;200;40;0;302;169;5,733519277876793
8;200;40;4;365;135;5,733820520440153
8;200;40;8;361;258;5,733419314909861
2;200;40;6;385;292;5,733180726048712
8;200;40;9;-1;-1;-1,0
8;200;40;1;336;202;5,733552965089837
8;200;40;5;270;105;5,733577262508732
8;200;40;6;349;159;5,733186819526742
8;200;40;9;-1;-1;-1,0
8;200;40;7;254;64;5,733136316173138
2;200;40;4;257;269;5,733065841474853
8;200;40;9;-1;-1;-1,0
8;200;40;8;361;258;5,733419314909861
8;200;40;4;365;135;5,733820520440153
8;200;40;7;254;64;5,733136316173138
2;200;40;2;-1;-1;-1,0
8;200;40;1;336;202;5,733552965089837
8;200;40;3;261;120;5,734030168091126
8;200;40;1;336;202;5,733552965089837
8;200;40;2;336;51;5,733618190086561
8;200;40;0;302;169;5,733519277876793
8;200;40;0;302;169;5,733519277876793
8;200;40;4;365;135;5,733820520440153
8;200;40;6;349;159;5,733186819526742
2;200;40;8;-1;-1;-1,0
8;200;40;4;365;135;5,733820520440153
1;200;40;2;-1;-1;-1,0
1;200;40;6;284;140;5,732886800352619
8;200;40;2;336;51;5,733618190086561
8;200;40;0;302;169;5,733519277876793
8;200;40;3;261;120;5,734030168091126
8;200;40;1;336;202;5,733552965089837
8;200;40;2;336;51;5,733618190086561
8;200;40;1;336;202;5,733552965089837
2;200;40;5;324;119;5,733100780411643
8;200;40;1;336;202;5,733552965089837
1;200;40;0;234;61;5,732791846377365
2;200;40;8;-1;-1;-1,0
8;200;40;7;254;64;5,733136316173138
8;200;40;0;302;169;5,733519277876793
8;200;40;8;361;258;5,733419314909861
8;200;40;3;261;120;5,734030168091126
2;200;40;6;385;292;5,733180726048712
8;200;40;7;254;64;5,733136316173138
8;200;40;8;361;258;5,733419314909861
1;200;40;1;-1;-1;-1,0
8;200;40;9;-1;-1;-1,0
8;200;40;7;254;64;5,733136316173138
1;200;40;8;268;90;5,73288559509703
8;200;40;5;270;105;5,733577262508732
8;200;40;8;361;258;5,733419314909861
2;200;40;5;324;119;5,733100780411643
8;200;40;5;270;105;5,733577262508732
1;200;40;3;247;78;5,732849894477713
8;200;40;0;302;169;5,733519277876793
8;200;40;7;254;64;5,733136316173138
8;200;40;5;270;105;5,733577262508732
8;200;40;6;349;159;5,733186819526742
8;200;40;0;302;169;5,733519277876793
8;200;40;9;-1;-1;-1,0
8;200;40;3;261;120;5,734030168091126
8;200;40;9;-1;-1;-1,0
8;200;40;0;302;169;5,733519277876793
8;200;40;3;261;120;5,734030168091126
8;200;40;6;349;159;5,733186819526742
8;200;40;7;254;64;5,733136316173138
8;200;40;5;270;105;5,733577262508732
8;200;40;5;270;105;5,733577262508732
1;200;40;3;247;78;5,732849894477713
8;200;40;0;302;169;5,733519277876793
2;200;40;5;324;119;5,733100780411643
8;200;40;8;361;258;5,733419314909861
8;200;40;5;270;105;5,733577262508732
1;200;40;8;268;90;5,73288559509703
8;200;40;7;254;64;5,733136316173138
8;200;40;7;254;64;5,733136316173138
8;200;40;8;361;258;5,733419314909861
1;200;40;1;-1;-1;-1,0
8;200;40;9;-1;-1;-1,0
2;200;40;6;385;292;5,733180726048712
8;200;40;8;361;258;5,733419314909861
8;200;40;7;254;64;5,733136316173138
8;200;40;0;302;169;5,733519277876793
8;200;40;3;261;120;5,734030168091126
8;200;40;1;336;202;5,733552965089837
8;200;40;4;365;135;5,733820520440153
8;200;40;1;336;202;5,733552965089837
8;200;40;8;361;258;5,733419314909861
8;200;40;9;-1;-1;-1,0
8;200;40;2;336;51;5,733618190086561
2;200;40;4;257;269;5,733065841474853
8;200;40;7;254;64;5,733136316173138
8;200;40;4;365;135;5,733820520440153
8;200;40;9;-1;-1;-1,0
8;200;40;9;-1;-1;-1,0
8;200;40;5;270;105;5,733577262508732
2;200;40;6;385;292;5,733180726048712
8;200;40;7;254;64;5,733136316173138
8;200;40;6;349;159;5,733186819526742
8;200;40;1;336;202;5,733552965089837
8;200;40;3;261;120;5,734030168091126
8;200;40;2;336;51;5,733618190086561
8;200;40;1;336;202;5,733552965089837
2;200;40;8;-1;-1;-1,0
8;200;40;0;302;169;5,733519277876793
8;200;40;4;365;135;5,733820520440153
1;200;40;6;284;140;5,732886800352619
1;200;40;2;-1;-1;-1,0
8;200;40;3;261;120;5,734030168091126
8;200;40;1;336;202;5,733552965089837
2;200;40;8;-1;-1;-1,0
8;200;40;2;336;51;5,733618190086561
1;200;40;0;234;61;5,732791846377365
8;200;40;0;302;169;5,733519277876793
2;200;40;2;-1;-1;-1,0
8;200;40;6;349;159;5,733186819526742
8;200;40;1;336;202;5,733552965089837
2;200;40;5;324;119;5,733100780411643
8;200;40;0;302;169;5,733519277876793
8;200;40;4;365;135;5,733820520440153
8;200;40;8;361;258;5,733419314909861
8;200;40;2;336;51;5,733618190086561
8;200;40;2;336;51;5,733618190086561
2;200;40;0;297;218;5,733119900125952
8;200;40;1;336;202;5,733552965089837
8;200;40;5;270;105;5,733577262508732
8;200;40;8;361;258;5,733419314909861
8;200;40;3;261;120;5,734030168091126
8;200;40;7;254;64;5,733136316173138
2;200;40;9;-1;-1;-1,0
2;200;40;4;257;269;5,733065841474853
1;200;40;7;-1;-1;-1,0
8;200;40;6;349;159;5,733186819526742
2;200;40;7;307;127;5,733403399387159
2;200;40;2;-1;-1;-1,0
8;200;40;2;336;51;5,733618190086561
8;200;40;4;365;135;5,733820520440153
8;200;40;2;336;51;5,733618190086561
8;200;40;5;270;105;5,733577262508732
1;200;40;9;-1;-1;-1,0
8;200;40;6;349;159;5,733186819526742
8;200;40;5;270;105;5,733577262508732
8;200;40;6;349;159;5,733186819526742
1;200;40;9;-1;-1;-1,0
8;200;40;7;254;64;5,733136316173138
8;200;40;3;261;120;5,734030168091126
8;200;40;8;361;258;5,733419314909861
8;200;40;4;365;135;5,733820520440153
8;200;40;3;261;120;5,734030168091126
8;200;40;3;261;120;5,734030168091126
1;200;40;4;-1;-1;-1,0
8;200;40;8;361;258;5,733419314909861
8;200;40;8;361;258;5,733419314909861
2;200;40;1;460;142;5,7332723137704225
8;200;40;5;270;105;5,733577262508732
8;200;40;6;349;159;5,733186819526742
2;200;40;1;460;142;5,7332723137704225
2;200;40;1;460;142;5,7332723137704225
8;200;40;3;261;120;5,734030168091126
8;200;40;6;349;159;5,733186819526742
8;200;40;5;270;105;5,733577262508732
8;200;40;8;361;258;5,733419314909861
8;200;40;4;365;135;5,733820520440153
8;200;40;4;365;135;5,733820520440153
8;200;40;9;-1;-1;-1,0
2;200;40;7;307;127;5,733403399387159
1;200;40;5;-1;-1;-1,0
8;200;40;1;336;202;5,733552965089837
8;200;40;6;349;159;5,733186819526742
8;200;40;0;302;169;5,733519277876793
8;200;40;9;-1;-1;-1,0
8;200;40;2;336;51;5,733618190086561
2;200;40;3;257;87;5,732913055205657
2;200;40;3;257;87;5,732913055205657
8;200;40;6;349;159;5,733186819526742
8;200;40;0;302;169;5,733519277876793
2;200;40;0;297;218;5,733119900125952
2;200;40;0;297;218;5,733119900125952
2;200;40;0;297;218;5,733119900125952
2;200;40;9;-1;-1;-1,0
8;200;40;9;-1;-1;-1,0
2;200;40;9;-1;-1;-1,0
2;200;40;0;297;218;5,733119900125952
8;200;40;9;-1;-1;-1,0
8;200;40;6;349;159;5,733186819526742
8;200;40;0;302;169;5,733519277876793
2;200;40;3;257;87;5,732913055205657
2;200;40;3;257;87;5,732913055205657
8;200;40;0;302;169;5,733519277876793
8;200;40;9;-1;-1;-1,0
8;200;40;2;336;51;5,733618190086561
8;200;40;6;349;159;5,733186819526742
2;200;40;7;307;127;5,733403399387159
1;200;40;5;-1;-1;-1,0
8;200;40;1;336;202;5,733552965089837
8;200;40;8;361;258;5,733419314909861
8;200;40;4;365;135;5,733820520440153
8;200;40;9;-1;-1;-1,0
8;200;40;4;365;135;5,733820520440153
8;200;40;5;270;105;5,733577262508732
8;200;40;6;349;159;5,733186819526742
2;200;40;1;460;142;5,7332723137704225
1;200;40;4;-1;-1;-1,0
8;200;40;3;261;120;5,734030168091126
8;200;40;8;361;258;5,733419314909861
2;200;40;1;460;142;5,7332723137704225
8;200;40;6;349;159;5,733186819526742
1;200;40;9;-1;-1;-1,0
8;200;40;4;365;135;5,733820520440153
8;200;40;5;270;105;5,733577262508732
8;200;40;3;261;120;5,734030168091126
8;200;40;3;261;120;5,734030168091126
8;200;40;7;254;64;5,733136316173138
8;200;40;5;270;105;5,733577262508732
2;200;40;7;307;127;5,733403399387159
8;200;40;2;336;51;5,733618190086561
1;200;40;7;-1;-1;-1,0
8;200;40;6;349;159;5,733186819526742
8;200;40;4;365;135;5,733820520440153
8;200;40;2;336;51;5,733618190086561
2;200;40;2;-1;-1;-1,0
2;200;40;4;257;269;5,733065841474853
2;200;40;9;-1;-1;-1,0
2;200;40;0;297;218;5,733119900125952
8;200;40;7;254;64;5,733136316173138
8;200;40;5;270;105;5,733577262508732
8;200;40;1;336;202;5,733552965089837
8;200;40;8;361;258;5,733419314909861
8;200;40;3;261;120;5,734030168091126
8;200;40;2;336;51;5,733618190086561
8;200;40;4;365;135;5,733820520440153
8;200;40;8;361;258;5,733419314909861
8;200;40;0;302;169;5,733519277876793
8;200;40;2;336;51;5,733618190086561
8;200;40;2;336;51;5,733618190086561
1;200;40;0;234;61;5,732791846377365
8;200;40;1;336;202;5,733552965089837
2;200;40;5;324;119;5,733100780411643
8;200;40;0;302;169;5,733519277876793
2;200;40;2;-1;-1;-1,0
8;200;40;6;349;159;5,733186819526742
8;200;40;1;336;202;5,733552965089837
8;200;40;3;261;120;5,734030168091126
1;200;40;2;-1;-1;-1,0
2;200;40;8;-1;-1;-1,0
8;200;40;2;336;51;5,733618190086561
2;200;40;8;-1;-1;-1,0
8;200;40;3;261;120;5,734030168091126
8;200;40;1;336;202;5,733552965089837
8;200;40;4;365;135;5,733820520440153
8;200;40;0;302;169;5,733519277876793
1;200;40;6;284;140;5,732886800352619
2;200;40;6;385;292;5,733180726048712
8;200;40;6;349;159;5,733186819526742
8;200;40;5;270;105;5,733577262508732
8;200;40;7;254;64;5,733136316173138
8;200;40;1;336;202;5,733552965089837
8;200;40;7;254;64;5,733136316173138
8;200;40;4;365;135;5,733820520440153
8;200;40;9;-1;-1;-1,0
8;200;40;9;-1;-1;-1,0
8;200;40;8;361;258;5,733419314909861
8;200;40;2;336;51;5,733618190086561
8;200;40;9;-1;-1;-1,0
2;200;40;4;257;269;5,733065841474853
8;200;40;1;336;202;5,733552965089837
8;200;40;0;302;169;5,733519277876793
8;200;40;4;365;135;5,733820520440153
8;200;40;1;336;202;5,733552965089837
8;200;40;3;261;120;5,734030168091126
8;200;40;8;361;258;5,733419314909861
8;200;40;7;254;64;5,733136316173138
8;200;40;9;-1;-1;-1,0
2;200;40;6;385;292;5,733180726048712
8;200;40;8;361;258;5,733419314909861
8;200;40;7;254;64;5,733136316173138
8;200;40;7;254;64;5,733136316173138
1;200;40;1;-1;-1;-1,0
8;200;40;5;270;105;5,733577262508732
1;200;40;8;268;90;5,73288559509703
2;200;40;5;324;119;5,733100780411643
8;200;40;8;361;258;5,733419314909861
8;200;40;0;302;169;5,733519277876793
8;200;40;5;270;105;5,733577262508732
1;200;40;3;247;78;5,732849894477713
8;200;40;5;270;105;5,733577262508732
8;200;40;7;254;64;5,733136316173138
8;200;40;6;349;159;5,733186819526742
8;200;40;9;-1;-1;-1,0
8;200;40;3;261;120;5,734030168091126
8;200;40;0;302;169;5,733519277876793
8;200;40;9;-1;-1;-1,0
8;200;40;3;261;120;5,734030168091126
8;200;40;0;302;169;5,733519277876793
8;200;40;6;349;159;5,733186819526742
8;200;40;7;254;64;5,733136316173138
8;200;40;5;270;105;5,733577262508732
1;200;40;3;247;78;5,732849894477713
8;200;40;5;270;105;5,733577262508732
8;200;40;0;302;169;5,733519277876793
8;200;40;8;361;258;5,733419314909861
2;200;40;5;324;119;5,733100780411643
1;200;40;8;268;90;5,73288559509703
8;200;40;5;270;105;5,733577262508732
8;200;40;7;254;64;5,733136316173138
8;200;40;7;254;64;5,733136316173138
1;200;40;1;-1;-1;-1,0
8;200;40;8;361;258;5,733419314909861
2;200;40;6;385;292;5,733180726048712
8;200;40;9;-1;-1;-1,0
8;200;40;7;254;64;5,733136316173138
8;200;40;3;261;120;5,734030168091126
8;200;40;8;361;258;5,733419314909861
8;200;40;4;365;135;5,733820520440153
8;200;40;1;336;202;5,733552965089837
8;200;40;1;336;202;5,733552965089837
8;200;40;0;302;169;5,733519277876793
8;200;40;8;361;258;5,733419314909861
2;200;40;4;257;269;5,733065841474853
8;200;40;2;336;51;5,733618190086561
8;200;40;9;-1;-1;-1,0
8;200;40;9;-1;-1;-1,0
8;200;40;9;-1;-1;-1,0
8;200;40;7;254;64;5,733136316173138
8;200;40;4;365;135;5,733820520440153
8;200;40;7;254;64;5,733136316173138
8;200;40;1;336;202;5,733552965089837
8;200;40;6;349;159;5,733186819526742
8;200;40;5;270;105;5,733577262508732
8;200;40;0;302;169;5,733519277876793
2;200;40;6;385;292;5,733180726048712
1;200;40;6;284;140;5,732886800352619
8;200;40;4;365;135;5,733820520440153
8;200;40;3;261;120;5,734030168091126
2;200;40;8;-1;-1;-1,0
8;200;40;1;336;202;5,733552965089837
8;200;40;2;336;51;5,733618190086561
8;200;40;1;336;202;5,733552965089837
2;200;40;8;-1;-1;-1,0
8;200;40;3;261;120;5,734030168091126
1;200;40;2;-1;-1;-1,0
2;200;40;2;-1;-1;-1,0
2;200;40;5;324;119;5,733100780411643
8;200;40;0;302;169;5,733519277876793
8;200;40;6;349;159;5,733186819526742
8;200;40;1;336;202;5,733552965089837
1;200;40;0;234;61;5,732791846377365
8;200;40;2;336;51;5,733618190086561
8;200;40;0;302;169;5,733519277876793
8;200;40;2;336;51;5,733618190086561
8;200;40;4;365;135;5,733820520440153
8;200;40;8;361;258;5,733419314909861
8;200;40;2;336;51;5,733618190086561
8;200;40;3;261;120;5,734030168091126
8;200;40;1;336;202;5,733552965089837
8;200;40;8;361;258;5,733419314909861
8;200;40;7;254;64;5,733136316173138
2;200;40;0;297;218;5,733119900125952
8;200;40;5;270;105;5,733577262508732
2;200;40;9;-1;-1;-1,0
2;200;40;4;257;269;5,733065841474853
2;200;40;2;-1;-1;-1,0
8;200;40;6;349;159;5,733186819526742
8;200;40;2;336;51;5,733618190086561
8;200;40;4;365;135;5,733820520440153
1;200;40;7;-1;-1;-1,0
8;200;40;5;270;105;5,733577262508732
2;200;40;7;307;127;5,733403399387159
8;200;40;2;336;51;5,733618190086561
8;200;40;5;270;105;5,733577262508732
8;200;40;7;254;64;5,733136316173138
8;200;40;3;261;120;5,734030168091126
8;200;40;3;261;120;5,734030168091126
8;200;40;4;365;135;5,733820520440153
8;200;40;6;349;159;5,733186819526742
1;200;40;9;-1;-1;-1,0
1;200;40;4;-1;-1;-1,0
8;200;40;8;361;258;5,733419314909861
8;200;40;3;261;120;5,734030168091126
2;200;40;1;460;142;5,7332723137704225
8;200;40;6;349;159;5,733186819526742
2;200;40;1;460;142;5,7332723137704225
8;200;40;5;270;105;5,733577262508732
8;200;40;4;365;135;5,733820520440153
8;200;40;8;361;258;5,733419314909861
8;200;40;4;365;135;5,733820520440153
8;200;40;9;-1;-1;-1,0
1;200;40;5;-1;-1;-1,0
2;200;40;7;307;127;5,733403399387159
8;200;40;1;336;202;5,733552965089837
8;200;40;6;349;159;5,733186819526742
8;200;40;2;336;51;5,733618190086561
8;200;40;9;-1;-1;-1,0
8;200;40;0;302;169;5,733519277876793
2;200;40;3;257;87;5,732913055205657
2;200;40;3;257;87;5,732913055205657
8;200;40;0;302;169;5,733519277876793
8;200;40;6;349;159;5,733186819526742
2;200;40;9;-1;-1;-1,0
2;200;40;0;297;218;5,733119900125952
8;200;40;9;-1;-1;-1,0
8;200;40;9;-1;-1;-1,0
2;200;40;0;297;218;5,733119900125952
8;200;40;6;349;159;5,733186819526742
2;200;40;9;-1;-1;-1,0
8;200;40;0;302;169;5,733519277876793
2;200;40;3;257;87;5,732913055205657
2;200;40;3;257;87;5,732913055205657
8;200;40;0;302;169;5,733519277876793
8;200;40;9;-1;-1;-1,0
8;200;40;2;336;51;5,733618190086561
8;200;40;6;349;159;5,733186819526742
8;200;40;1;336;202;5,733552965089837
1;200;40;5;-1;-1;-1,0
2;200;40;7;307;127;5,733403399387159
8;200;40;9;-1;-1;-1,0
8;200;40;4;365;135;5,733820520440153
8;200;40;8;361;258;5,733419314909861
8;200;40;4;365;135;5,733820520440153
8;200;40;5;270;105;5,733577262508732
8;200;40;6;349;159;5,733186819526742
2;200;40;1;460;142;5,7332723137704225
2;200;40;1;460;142;5,7332723137704225
8;200;40;3;261;120;5,734030168091126
8;200;40;8;361;258;5,733419314909861
1;200;40;4;-1;-1;-1,0
1;200;40;9;-1;-1;-1,0
8;200;40;3;261;120;5,734030168091126
8;200;40;4;365;135;5,733820520440153
8;200;40;3;261;120;5,734030168091126
8;200;40;6;349;159;5,733186819526742
8;200;40;2;336;51;5,733618190086561
8;200;40;7;254;64;5,733136316173138
8;200;40;5;270;105;5,733577262508732
2;200;40;7;307;127;5,733403399387159
1;200;40;7;-1;-1;-1,0
8;200;40;5;270;105;5,733577262508732
8;200;40;4;365;135;5,733820520440153
2;200;40;2;-1;-1;-1,0
8;200;40;6;349;159;5,733186819526742
8;200;40;2;336;51;5,733618190086561
2;200;40;4;257;269;5,733065841474853
2;200;40;9;-1;-1;-1,0
8;200;40;5;270;105;5,733577262508732
8;200;40;8;361;258;5,733419314909861
2;200;40;0;297;218;5,733119900125952
8;200;40;7;254;64;5,733136316173138
8;200;40;3;261;120;5,734030168091126
8;200;40;1;336;202;5,733552965089837
8;200;40;2;336;51;5,733618190086561
8;200;40;8;361;258;5,733419314909861
8;200;40;4;365;135;5,733820520440153
8;200;40;2;336;51;5,733618190086561
8;200;40;0;302;169;5,733519277876793
8;200;40;2;336;51;5,733618190086561
8;200;40;1;336;202;5,733552965089837
1;200;40;0;234;61;5,732791846377365
8;200;40;6;349;159;5,733186819526742
8;200;40;0;302;169;5,733519277876793
2;200;40;2;-1;-1;-1,0
2;200;40;5;324;119;5,733100780411643
8;200;40;3;261;120;5,734030168091126
1;200;40;2;-1;-1;-1,0
8;200;40;2;336;51;5,733618190086561
8;200;40;1;336;202;5,733552965089837
2;200;40;8;-1;-1;-1,0
8;200;40;1;336;202;5,733552965089837
8;200;40;3;261;120;5,734030168091126
8;200;40;4;365;135;5,733820520440153
2;200;40;8;-1;-1;-1,0
1;200;40;6;284;140;5,732886800352619
8;200;40;0;302;169;5,733519277876793
8;200;40;5;270;105;5,733577262508732
2;200;40;6;385;292;5,733180726048712
8;200;40;6;349;159;5,733186819526742
8;200;40;7;254;64;5,733136316173138
8;200;40;1;336;202;5,733552965089837
8;200;40;4;365;135;5,733820520440153
8;200;40;7;254;64;5,733136316173138
8;200;40;9;-1;-1;-1,0
8;200;40;9;-1;-1;-1,0
8;200;40;2;336;51;5,733618190086561
8;200;40;9;-1;-1;-1,0
8;200;40;8;361;258;5,733419314909861
2;200;40;4;257;269;5,733065841474853
8;200;40;1;336;202;5,733552965089837
8;200;40;0;302;169;5,733519277876793
8;200;40;1;336;202;5,733552965089837
8;200;40;8;361;258;5,733419314909861
8;200;40;4;365;135;5,733820520440153
8;200;40;3;261;120;5,734030168091126
8;200;40;7;254;64;5,733136316173138
8;200;40;8;361;258;5,733419314909861
8;200;40;9;-1;-1;-1,0
1;200;40;1;-1;-1;-1,0
2;200;40;6;385;292;5,733180726048712
8;200;40;7;254;64;5,733136316173138
8;200;40;7;254;64;5,733136316173138
1;200;40;8;268;90;5,73288559509703
8;200;40;5;270;105;5,733577262508732
8;200;40;8;361;258;5,733419314909861
2;200;40;5;324;119;5,733100780411643
8;200;40;5;270;105;5,733577262508732
8;200;40;0;302;169;5,733519277876793
8;200;40;7;254;64;5,733136316173138
1;200;40;3;247;78;5,732849894477713
8;200;40;5;270;105;5,733577262508732
8;200;40;6;349;159;5,733186819526742
8;200;40;0;302;169;5,733519277876793
8;200;40;3;261;120;5,734030168091126
8;200;40;9;-1;-1;-1,0
8;200;40;3;261;120;5,734030168091126
8;200;40;9;-1;-1;-1,0
8;200;40;0;302;169;5,733519277876793
8;200;40;6;349;159;5,733186819526742
8;200;40;5;270;105;5,733577262508732
8;200;40;7;254;64;5,733136316173138
1;200;40;3;247;78;5,732849894477713
8;200;40;5;270;105;5,733577262508732
8;200;40;0;302;169;5,733519277876793
8;200;40;8;361;258;5,733419314909861
2;200;40;5;324;119;5,733100780411643
1;200;40;8;268;90;5,73288559509703
8;200;40;5;270;105;5,733577262508732
2;200;40;6;385;292;5,733180726048712
1;200;40;1;-1;-1;-1,0
8;200;40;7;254;64;5,733136316173138
8;200;40;7;254;64;5,733136316173138
8;200;40;8;361;258;5,733419314909861
8;200;40;9;-1;-1;-1,0
8;200;40;3;261;120;5,734030168091126
8;200;40;4;365;135;5,733820520440153
8;200;40;7;254;64;5,733136316173138
8;200;40;8;361;258;5,733419314909861
8;200;40;1;336;202;5,733552965089837
8;200;40;1;336;202;5,733552965089837
8;200;40;0;302;169;5,733519277876793
2;200;40;4;257;269;5,733065841474853
8;200;40;8;361;258;5,733419314909861
8;200;40;2;336;51;5,733618190086561
8;200;40;9;-1;-1;-1,0
8;200;40;9;-1;-1;-1,0
8;200;40;4;365;135;5,733820520440153
8;200;40;7;254;64;5,733136316173138
8;200;40;9;-1;-1;-1,0
2;200;40;6;385;292;5,733180726048712
8;200;40;1;336;202;5,733552965089837
8;200;40;6;349;159;5,733186819526742
8;200;40;7;254;64;5,733136316173138
2;200;40;8;-1;-1;-1,0
1;200;40;6;284;140;5,732886800352619
8;200;40;5;270;105;5,733577262508732
8;200;40;0;302;169;5,733519277876793
8;200;40;3;261;120;5,734030168091126
8;200;40;4;365;135;5,733820520440153
2;200;40;8;-1;-1;-1,0
8;200;40;1;336;202;5,733552965089837
2;200;40;5;324;119;5,733100780411643
8;200;40;1;336;202;5,733552965089837
8;200;40;2;336;51;5,733618190086561
1;200;40;2;-1;-1;-1,0
8;200;40;3;261;120;5,734030168091126
2;200;40;2;-1;-1;-1,0
8;200;40;0;302;169;5,733519277876793
1;200;40;0;234;61;5,732791846377365
8;200;40;6;349;159;5,733186819526742
8;200;40;1;336;202;5,733552965089837
8;200;40;2;336;51;5,733618190086561
8;200;40;4;365;135;5,733820520440153
8;200;40;0;302;169;5,733519277876793
8;200;40;8;361;258;5,733419314909861
8;200;40;2;336;51;5,733618190086561
8;200;40;8;361;258;5,733419314909861
8;200;40;3;261;120;5,734030168091126
2;200;40;0;297;218;5,733119900125952
8;200;40;1;336;202;5,733552965089837
8;200;40;7;254;64;5,733136316173138
8;200;40;2;336;51;5,733618190086561
2;200;40;9;-1;-1;-1,0
2;200;40;4;257;269;5,733065841474853
8;200;40;5;270;105;5,733577262508732
8;200;40;6;349;159;5,733186819526742
2;200;40;2;-1;-1;-1,0
8;200;40;2;336;51;5,733618190086561
1;200;40;7;-1;-1;-1,0
8;200;40;5;270;105;5,733577262508732
8;200;40;4;365;135;5,733820520440153
2;200;40;7;307;127;5,733403399387159
8;200;40;2;336;51;5,733618190086561
8;200;40;5;270;105;5,733577262508732
8;200;40;3;261;120;5,734030168091126
8;200;40;6;349;159;5,733186819526742
8;200;40;7;254;64;5,733136316173138
8;200;40;4;365;135;5,733820520440153
8;200;40;3;261;120;5,734030168091126
1;200;40;4;-1;-1;-1,0
1;200;40;9;-1;-1;-1,0
8;200;40;8;361;258;5,733419314909861
2;200;40;1;460;142;5,7332723137704225
8;200;40;3;261;120;5,734030168091126
2;200;40;1;460;142;5,7332723137704225
8;200;40;5;270;105;5,733577262508732
8;200;40;6;349;159;5,733186819526742
8;200;40;8;361;258;5,733419314909861
8;200;40;4;365;135;5,733820520440153
8;200;40;4;365;135;5,733820520440153
1;200;40;5;-1;-1;-1,0
2;200;40;7;307;127;5,733403399387159
8;200;40;9;-1;-1;-1,0
8;200;40;1;336;202;5,733552965089837
8;200;40;0;302;169;5,733519277876793
2;200;40;3;257;87;5,732913055205657
8;200;40;6;349;159;5,733186819526742
8;200;40;0;302;169;5,733519277876793
8;200;40;9;-1;-1;-1,0
8;200;40;6;349;159;5,733186819526742
2;200;40;3;257;87;5,732913055205657
8;200;40;2;336;51;5,733618190086561
2;200;40;9;-1;-1;-1,0
2;200;40;0;297;218;5,733119900125952
8;200;40;9;-1;-1;-1,0
2;200;40;0;297;218;5,733119900125952
8;200;40;9;-1;-1;-1,0
8;200;40;0;302;169;5,733519277876793
8;200;40;9;-1;-1;-1,0
2;200;40;3;257;87;5,732913055205657
8;200;40;6;349;159;5,733186819526742
8;200;40;6;349;159;5,733186819526742
2;200;40;3;257;87;5,732913055205657
8;200;40;2;336;51;5,733618190086561
8;200;40;0;302;169;5,733519277876793
2;200;40;9;-1;-1;-1,0
8;200;40;9;-1;-1;-1,0
8;200;40;1;336;202;5,733552965089837
2;200;40;7;307;127;5,733403399387159
8;200;40;4;365;135;5,733820520440153
1;200;40;5;-1;-1;-1,0
8;200;40;4;365;135;5,733820520440153
8;200;40;6;349;159;5,733186819526742
8;200;40;8;361;258;5,733419314909861
2;200;40;1;460;142;5,7332723137704225
8;200;40;5;270;105;5,733577262508732
8;200;40;3;261;120;5,734030168091126
8;200;40;8;361;258;5,733419314909861
2;200;40;1;460;142;5,7332723137704225
1;200;40;9;-1;-1;-1,0
1;200;40;4;-1;-1;-1,0
8;200;40;4;365;135;5,733820520440153
8;200;40;3;261;120;5,734030168091126
8;200;40;5;270;105;5,733577262508732
8;200;40;7;254;64;5,733136316173138
8;200;40;6;349;159;5,733186819526742
8;200;40;3;261;120;5,734030168091126
1;200;40;7;-1;-1;-1,0
8;200;40;5;270;105;5,733577262508732
2;200;40;7;307;127;5,733403399387159
8;200;40;2;336;51;5,733618190086561
8;200;40;4;365;135;5,733820520440153
2;200;40;2;-1;-1;-1,0
8;200;40;6;349;159;5,733186819526742
8;200;40;2;336;51;5,733618190086561
2;200;40;4;257;269;5,733065841474853
8;200;40;5;270;105;5,733577262508732
2;200;40;9;-1;-1;-1,0
8;200;40;7;254;64;5,733136316173138
8;200;40;1;336;202;5,733552965089837
8;200;40;2;336;51;5,733618190086561
2;200;40;0;297;218;5,733119900125952
8;200;40;3;261;120;5,734030168091126
8;200;40;8;361;258;5,733419314909861
8;200;40;2;336;51;5,733618190086561
8;200;40;8;361;258;5,733419314909861
8;200;40;0;302;169;5,733519277876793
8;200;40;4;365;135;5,733820520440153
8;200;40;2;336;51;5,733618190086561
8;200;40;6;349;159;5,733186819526742
8;200;40;1;336;202;5,733552965089837
8;200;40;0;302;169;5,733519277876793
1;200;40;0;234;61;5,732791846377365
2;200;40;2;-1;-1;-1,0
8;200;40;3;261;120;5,734030168091126
1;200;40;2;-1;-1;-1,0
8;200;40;2;336;51;5,733618190086561
2;200;40;5;324;119;5,733100780411643
8;200;40;1;336;202;5,733552965089837
2;200;40;8;-1;-1;-1,0
8;200;40;1;336;202;5,733552965089837
8;200;40;4;365;135;5,733820520440153
8;200;40;5;270;105;5,733577262508732
8;200;40;0;302;169;5,733519277876793
8;200;40;3;261;120;5,734030168091126
8;200;40;6;349;159;5,733186819526742
1;200;40;6;284;140;5,732886800352619
2;200;40;8;-1;-1;-1,0
8;200;40;7;254;64;5,733136316173138
2;200;40;6;385;292;5,733180726048712
8;200;40;1;336;202;5,733552965089837
8;200;40;7;254;64;5,733136316173138
8;200;40;9;-1;-1;-1,0
8;200;40;2;336;51;5,733618190086561
8;200;40;8;361;258;5,733419314909861
8;200;40;9;-1;-1;-1,0
8;200;40;4;365;135;5,733820520440153
8;200;40;9;-1;-1;-1,0
2;200;40;4;257;269;5,733065841474853
8;200;40;0;302;169;5,733519277876793
8;200;40;1;336;202;5,733552965089837
8;200;40;1;336;202;5,733552965089837
8;200;40;4;365;135;5,733820520440153
8;200;40;7;254;64;5,733136316173138
8;200;40;8;361;258;5,733419314909861
8;200;40;3;261;120;5,734030168091126
8;200;40;9;-1;-1;-1,0
8;200;40;7;254;64;5,733136316173138
8;200;40;8;361;258;5,733419314909861
8;200;40;7;254;64;5,733136316173138
1;200;40;1;-1;-1;-1,0
2;200;40;6;385;292;5,733180726048712
1;200;40;8;268;90;5,73288559509703
8;200;40;5;270;105;5,733577262508732
8;200;40;8;361;258;5,733419314909861
2;200;40;5;324;119;5,733100780411643
8;200;40;0;302;169;5,733519277876793
1;200;40;3;247;78;5,732849894477713
8;200;40;5;270;105;5,733577262508732
8;200;40;7;254;64;5,733136316173138
8;200;40;5;270;105;5,733577262508732
8;200;40;6;349;159;5,733186819526742
8;200;40;0;302;169;5,733519277876793
8;200;40;9;-1;-1;-1,0
8;200;40;3;261;120;5,734030168091126
8;200;40;3;261;120;5,734030168091126
8;200;40;9;-1;-1;-1,0
8;200;40;0;302;169;5,733519277876793
8;200;40;6;349;159;5,733186819526742
8;200;40;5;270;105;5,733577262508732
8;200;40;7;254;64;5,733136316173138
8;200;40;5;270;105;5,733577262508732
1;200;40;3;247;78;5,732849894477713
2;200;40;5;324;119;5,733100780411643
8;200;40;8;361;258;5,733419314909861
8;200;40;0;302;169;5,733519277876793
8;200;40;5;270;105;5,733577262508732
1;200;40;8;268;90;5,73288559509703
8;200;40;7;254;64;5,733136316173138
2;200;40;6;385;292;5,733180726048712
8;200;40;7;254;64;5,733136316173138
1;200;40;1;-1;-1;-1,0
8;200;40;8;361;258;5,733419314909861
8;200;40;9;-1;-1;-1,0
8;200;40;3;261;120;5,734030168091126
8;200;40;8;361;258;5,733419314909861
8;200;40;7;254;64;5,733136316173138
8;200;40;4;365;135;5,733820520440153
8;200;40;1;336;202;5,733552965089837
8;200;40;1;336;202;5,733552965089837
2;200;40;4;257;269;5,733065841474853
8;200;40;0;302;169;5,733519277876793
8;200;40;9;-1;-1;-1,0
8;200;40;2;336;51;5,733618190086561
8;200;40;9;-1;-1;-1,0
8;200;40;4;365;135;5,733820520440153
8;200;40;8;361;258;5,733419314909861
8;200;40;7;254;64;5,733136316173138
8;200;40;1;336;202;5,733552965089837
8;200;40;9;-1;-1;-1,0
1;200;40;6;284;140;5,732886800352619
2;200;40;6;385;292;5,733180726048712
2;200;40;8;-1;-1;-1,0
8;200;40;7;254;64;5,733136316173138
8;200;40;6;349;159;5,733186819526742
8;200;40;5;270;105;5,733577262508732
8;200;40;3;261;120;5,734030168091126
8;200;40;0;302;169;5,733519277876793
8;200;40;4;365;135;5,733820520440153
2;200;40;8;-1;-1;-1,0
8;200;40;1;336;202;5,733552965089837
2;200;40;5;324;119;5,733100780411643
8;200;40;1;336;202;5,733552965089837
8;200;40;3;261;120;5,734030168091126
1;200;40;2;-1;-1;-1,0
8;200;40;2;336;51;5,733618190086561
2;200;40;2;-1;-1;-1,0
1;200;40;0;234;61;5,732791846377365
8;200;40;0;302;169;5,733519277876793
8;200;40;6;349;159;5,733186819526742
8;200;40;1;336;202;5,733552965089837
8;200;40;2;336;51;5,733618190086561
8;200;40;0;302;169;5,733519277876793
8;200;40;4;365;135;5,733820520440153
8;200;40;2;336;51;5,733618190086561
8;200;40;8;361;258;5,733419314909861
8;200;40;8;361;258;5,733419314909861
2;200;40;0;297;218;5,733119900125952
8;200;40;3;261;120;5,734030168091126
8;200;40;1;336;202;5,733552965089837
8;200;40;2;336;51;5,733618190086561
8;200;40;7;254;64;5,733136316173138
8;200;40;5;270;105;5,733577262508732
2;200;40;9;-1;-1;-1,0
2;200;40;4;257;269;5,733065841474853
2;200;40;2;-1;-1;-1,0
8;200;40;2;336;51;5,733618190086561
8;200;40;4;365;135;5,733820520440153
8;200;40;6;349;159;5,733186819526742
2;200;40;7;307;127;5,733403399387159
8;200;40;5;270;105;5,733577262508732
8;200;40;2;336;51;5,733618190086561
8;200;40;6;349;159;5,733186819526742
1;200;40;7;-1;-1;-1,0
8;200;40;3;261;120;5,734030168091126
8;200;40;7;254;64;5,733136316173138
8;200;40;5;270;105;5,733577262508732
8;200;40;3;261;120;5,734030168091126
8;200;40;4;365;135;5,733820520440153
1;200;40;4;-1;-1;-1,0
2;200;40;1;460;142;5,7332723137704225
1;200;40;9;-1;-1;-1,0
8;200;40;8;361;258;5,733419314909861
8;200;40;3;261;120;5,734030168091126
8;200;40;5;270;105;5,733577262508732
2;200;40;1;460;142;5,7332723137704225
8;200;40;6;349;159;5,733186819526742
8;200;40;8;361;258;5,733419314909861
8;200;40;4;365;135;5,733820520440153
8;200;40;4;365;135;5,733820520440153
1;200;40;5;-1;-1;-1,0
2;200;40;7;307;127;5,733403399387159
8;200;40;1;336;202;5,733552965089837
8;200;40;9;-1;-1;-1,0
2;200;40;9;-1;-1;-1,0
8;200;40;2;336;51;5,733618190086561
8;200;40;0;302;169;5,733519277876793
2;200;40;3;257;87;5,732913055205657
8;200;40;6;349;159;5,733186819526742
8;200;40;6;349;159;5,733186819526742
8;200;40;9;-1;-1;-1,0
2;200;40;3;257;87;5,732913055205657
8;200;40;0;302;169;5,733519277876793
8;200;40;9;-1;-1;-1,0
8;200;40;1;336;202;5,733552965089837
2;200;40;0;297;218;5,733119900125952
8;200;40;7;254;64;5,733136316173138
8;200;40;9;-1;-1;-1,0
8;200;40;9;-1;-1;-1,0
2;200;40;4;257;269;5,733065841474853
8;200;40;4;365;135;5,733820520440153
8;200;40;2;336;51;5,733618190086561
8;200;40;0;302;169;5,733519277876793
8;200;40;8;361;258;5,733419314909861
8;200;40;4;365;135;5,733820520440153
8;200;40;1;336;202;5,733552965089837
8;200;40;1;336;202;5,733552965089837
8;200;40;7;254;64;5,733136316173138
8;200;40;8;361;258;5,733419314909861
8;200;40;3;261;120;5,734030168091126
8;200;40;9;-1;-1;-1,0
8;200;40;5;270;105;5,733577262508732
1;200;40;8;268;90;5,73288559509703
1;200;40;1;-1;-1;-1,0
8;200;40;7;254;64;5,733136316173138
8;200;40;8;361;258;5,733419314909861
2;200;40;6;385;292;5,733180726048712
8;200;40;7;254;64;5,733136316173138
8;200;40;0;302;169;5,733519277876793
8;200;40;8;361;258;5,733419314909861
2;200;40;5;324;119;5,733100780411643
1;200;40;3;247;78;5,732849894477713
8;200;40;5;270;105;5,733577262508732
8;200;40;7;254;64;5,733136316173138
8;200;40;5;270;105;5,733577262508732
8;200;40;6;349;159;5,733186819526742
8;200;40;0;302;169;5,733519277876793
8;200;40;9;-1;-1;-1,0
8;200;40;3;261;120;5,734030168091126
